1.56992628e+00 -3.20785911e+00 -3.47658071e+01 2.99952858e+01 -4.35845750e+01 5.08759340e+01 9.14640257e-02 3.66958659e-02 -1.10646498e-02
1.56992628e+00 -3.20785912e+00 -3.47658071e+01 2.99952858e+01 -4.35845751e+01 5.08759340e+01 9.14640240e-02 3.66958660e-02 -1.10646498e-02
1.56992628e+00 -3.20785913e+00 -3.47658071e+01 2.99952858e+01 -4.35845751e+01 5.08759340e+01 9.14640306e-02 3.66958661e-02 -1.10646498e-02
1.56992628e+00 -3.20785912e+00 -3.47658072e+01 2.99952859e+01 -4.35845751e+01 5.08759340e+01 9.14640402e-02 3.66958661e-02 -1.10646498e-02
1.56992628e+00 -3.20785912e+00 -3.47658072e+01 2.99952859e+01 -4.35845752e+01 5.08759340e+01 9.14640525e-02 3.66958661e-02 -1.10646498e-02
1.56992628e+00 -3.20785912e+00 -3.47658072e+01 2.99952859e+01 -4.35845751e+01 5.08759340e+01 9.14640631e-02 3.66958661e-02 -1.10646498e-02
1.56992628e+00 -3.20785911e+00 -3.47658072e+01 2.99952859e+01 -4.35845751e+01 5.08759340e+01 9.14640705e-02 3.66958660e-02 -1.10646498e-02
1.56992628e+00 -3.20785911e+00 -3.47658072e+01 2.99952859e+01 -4.35845751e+01 5.08759340e+01 9.14640731e-02 3.66958659e-02 -1.10646498e-02
1.56992628e+00 -3.20785911e+00 -3.47658072e+01 2.99952859e+01 -4.35845751e+01 5.08759339e+01 9.14640700e-02 3.66958658e-02 -1.10646498e-02
1.56992628e+00 -3.20785909e+00 -3.47658072e+01 2.99952858e+01 -4.35845750e+01 5.08759339e+01 9.14640641e-02 3.66958658e-02 -1.10646498e-02
1.56992628e+00 -3.20785910e+00 -3.47658071e+01 2.99952858e+01 -4.35845750e+01 5.08759339e+01 9.14640515e-02 3.66958657e-02 -1.10646498e-02
1.56992627e+00 -3.20785909e+00 -3.47658071e+01 2.99952858e+01 -4.35845750e+01 5.08759339e+01 9.14640413e-02 3.66958658e-02 -1.10646498e-02
1.56992628e+00 -3.20785910e+00 -3.47658071e+01 2.99952858e+01 -4.35845750e+01 5.08759339e+01 9.14640312e-02 3.66958658e-02 -1.10646498e-02
1.56992627e+00 -3.20785908e+00 -3.47658071e+01 2.99952857e+01 -4.35845750e+01 5.08759340e+01 9.14639962e-02 3.66958659e-02 -1.10646498e-02
1.56992628e+00 -3.20785910e+00 -3.47658071e+01 2.99952858e+01 -4.35845751e+01 5.08759341e+01 9.14639955e-02 3.66958662e-02 -1.10646498e-02
1.56992628e+00 -3.20785911e+00 -3.47658072e+01 2.99952858e+01 -4.35845752e+01 5.08759341e+01 9.14640114e-02 3.66958664e-02 -1.10646498e-02
1.56992629e+00 -3.20785912e+00 -3.47658072e+01 2.99952859e+01 -4.35845752e+01 5.08759341e+01 9.14640385e-02 3.66958666e-02 -1.10646498e-02
1.56992629e+00 -3.20785911e+00 -3.47658073e+01 2.99952860e+01 -4.35845753e+01 5.08759341e+01 9.14640697e-02 3.66958666e-02 -1.10646499e-02
1.56992629e+00 -3.20785910e+00 -3.47658073e+01 2.99952860e+01 -4.35845753e+01 5.08759341e+01 9.14640994e-02 3.66958665e-02 -1.10646499e-02
1.56992628e+00 -3.20785909e+00 -3.47658074e+01 2.99952860e+01 -4.35845752e+01 5.08759340e+01 9.14641214e-02 3.66958662e-02 -1.10646499e-02
1.56992628e+00 -3.20785908e+00 -3.47658073e+01 2.99952860e+01 -4.35845751e+01 5.08759339e+01 9.14641283e-02 3.66958659e-02 -1.10646498e-02
1.56992627e+00 -3.20785906e+00 -3.47658073e+01 2.99952859e+01 -4.35845751e+01 5.08759339e+01 9.14641190e-02 3.66958657e-02 -1.10646498e-02
1.56992627e+00 -3.20785905e+00 -3.47658072e+01 2.99952858e+01 -4.35845750e+01 5.08759338e+01 9.14640973e-02 3.66958655e-02 -1.10646498e-02
1.56992627e+00 -3.20785905e+00 -3.47658071e+01 2.99952858e+01 -4.35845749e+01 5.08759338e+01 9.14640685e-02 3.66958654e-02 -1.10646498e-02
1.56992626e+00 -3.20785905e+00 -3.47658071e+01 2.99952857e+01 -4.35845749e+01 5.08759338e+01 9.14640380e-02 3.66958655e-02 -1.10646498e-02
1.56992627e+00 -3.20785906e+00 -3.47658071e+01 2.99952857e+01 -4.35845749e+01 5.08759339e+01 9.14640097e-02 3.66958657e-02 -1.10646498e-02
1.56992626e+00 -3.20785902e+00 -3.47658071e+01 2.99952857e+01 -4.35845750e+01 5.08759340e+01 9.14639923e-02 3.66958660e-02 -1.10646498e-02
1.56992627e+00 -3.20785904e+00 -3.47658072e+01 2.99952858e+01 -4.35845751e+01 5.08759341e+01 9.14639912e-02 3.66958664e-02 -1.10646498e-02
1.56992627e+00 -3.20785906e+00 -3.47658073e+01 2.99952859e+01 -4.35845752e+01 5.08759342e+01 9.14640129e-02 3.66958667e-02 -1.10646498e-02
1.56992628e+00 -3.20785907e+00 -3.47658074e+01 2.99952860e+01 -4.35845753e+01 5.08759342e+01 9.14640515e-02 3.66958669e-02 -1.10646499e-02
1.56992628e+00 -3.20785907e+00 -3.47658074e+01 2.99952861e+01 -4.35845754e+01 5.08759342e+01 9.14640951e-02 3.66958669e-02 -1.10646499e-02
1.56992628e+00 -3.20785906e+00 -3.47658075e+01 2.99952862e+01 -4.35845754e+01 5.08759341e+01 9.14641391e-02 3.66958668e-02 -1.10646499e-02
1.56992628e+00 -3.20785904e+00 -3.47658075e+01 2.99952862e+01 -4.35845753e+01 5.08759340e+01 9.14641681e-02 3.66958664e-02 -1.10646499e-02
1.56992627e+00 -3.20785902e+00 -3.47658075e+01 2.99952861e+01 -4.35845752e+01 5.08759339e+01 9.14641786e-02 3.66958660e-02 -1.10646499e-02
1.56992626e+00 -3.20785899e+00 -3.47658074e+01 2.99952860e+01 -4.35845751e+01 5.08759338e+01 9.14641667e-02 3.66958657e-02 -1.10646498e-02
1.56992626e+00 -3.20785898e+00 -3.47658073e+01 2.99952859e+01 -4.35845750e+01 5.08759338e+01 9.14641373e-02 3.66958654e-02 -1.10646498e-02
1.56992625e+00 -3.20785898e+00 -3.47658072e+01 2.99952858e+01 -4.35845749e+01 5.08759337e+01 9.14640936e-02 3.66958653e-02 -1.10646498e-02
1.56992625e+00 -3.20785898e+00 -3.47658071e+01 2.99952857e+01 -4.35845749e+01 5.08759338e+01 9.14640492e-02 3.66958654e-02 -1.10646498e-02
1.56992625e+00 -3.20785900e+00 -3.47658071e+01 2.99952856e+01 -4.35845749e+01 5.08759339e+01 9.14640113e-02 3.66958656e-02 -1.10646498e-02
1.56992625e+00 -3.20785896e+00 -3.47658072e+01 2.99952857e+01 -4.35845750e+01 5.08759340e+01 9.14640113e-02 3.66958661e-02 -1.10646498e-02
1.56992626e+00 -3.20785898e+00 -3.47658073e+01 2.99952858e+01 -4.35845751e+01 5.08759341e+01 9.14640134e-02 3.66958665e-02 -1.10646498e-02
1.56992627e+00 -3.20785900e+00 -3.47658074e+01 2.99952859e+01 -4.35845753e+01 5.08759342e+01 9.14640360e-02 3.66958669e-02 -1.10646498e-02
1.56992627e+00 -3.20785901e+00 -3.47658075e+01 2.99952861e+01 -4.35845754e+01 5.08759342e+01 9.14640750e-02 3.66958671e-02 -1.10646499e-02
1.56992627e+00 -3.20785900e+00 -3.47658076e+01 2.99952862e+01 -4.35845754e+01 5.08759342e+01 9.14641253e-02 3.66958671e-02 -1.10646499e-02
1.56992627e+00 -3.20785900e+00 -3.47658076e+01 2.99952862e+01 -4.35845754e+01 5.08759341e+01 9.14641684e-02 3.66958669e-02 -1.10646499e-02
1.56992627e+00 -3.20785898e+00 -3.47658076e+01 2.99952862e+01 -4.35845753e+01 5.08759340e+01 9.14641993e-02 3.66958666e-02 -1.10646499e-02
1.56992626e+00 -3.20785895e+00 -3.47658076e+01 2.99952862e+01 -4.35845752e+01 5.08759339e+01 9.14642126e-02 3.66958662e-02 -1.10646499e-02
1.56992625e+00 -3.20785894e+00 -3.47658075e+01 2.99952861e+01 -4.35845751e+01 5.08759338e+01 9.14641991e-02 3.66958658e-02 -1.10646498e-02
1.56992624e+00 -3.20785891e+00 -3.47658074e+01 2.99952859e+01 -4.35845750e+01 5.08759337e+01 9.14641677e-02 3.66958655e-02 -1.10646498e-02
1.56992624e+00 -3.20785891e+00 -3.47658073e+01 2.99952858e+01 -4.35845749e+01 5.08759337e+01 9.14641225e-02 3.66958654e-02 -1.10646498e-02
1.56992624e+00 -3.20785891e+00 -3.47658073e+01 2.99952857e+01 -4.35845749e+01 5.08759338e+01 9.14640755e-02 3.66958655e-02 -1.10646498e-02
1.56992624e+00 -3.20785893e+00 -3.47658072e+01 2.99952857e+01 -4.35845749e+01 5.08759339e+01 9.14640367e-02 3.66958657e-02 -1.10646498e-02
1.56992624e+00 -3.20785889e+00 -3.47658074e+01 2.99952858e+01 -4.35845751e+01 5.08759340e+01 9.14640542e-02 3.66958663e-02 -1.10646498e-02
1.56992625e+00 -3.20785891e+00 -3.47658074e+01 2.99952859e+01 -4.35845752e+01 5.08759341e+01 9.14640563e-02 3.66958666e-02 -1.10646498e-02
1.56992625e+00 -3.20785892e+00 -3.47658075e+01 2.99952860e+01 -4.35845753e+01 5.08759342e+01 9.14640737e-02 3.66958669e-02 -1.10646498e-02
1.56992626e+00 -3.20785893e+00 -3.47658076e+01 2.99952861e+01 -4.35845754e+01 5.08759342e+01 9.14641086e-02 3.66958671e-02 -1.10646499e-02
1.56992626e+00 -3.20785894e+00 -3.47658077e+01 2.99952862e+01 -4.35845754e+01 5.08759342e+01 9.14641456e-02 3.66958671e-02 -1.10646499e-02
1.56992626e+00 -3.20785892e+00 -3.47658077e+01 2.99952863e+01 -4.35845754e+01 5.08759341e+01 9.14641838e-02 3.66958669e-02 -1.10646499e-02
1.56992626e+00 -3.20785892e+00 -3.47658077e+01 2.99952863e+01 -4.35845753e+01 5.08759340e+01 9.14642103e-02 3.66958667e-02 -1.10646499e-02
1.56992625e+00 -3.20785889e+00 -3.47658077e+01 2.99952862e+01 -4.35845752e+01 5.08759339e+01 9.14642199e-02 3.66958663e-02 -1.10646499e-02
1.56992624e+00 -3.20785887e+00 -3.47658076e+01 2.99952861e+01 -4.35845751e+01 5.08759338e+01 9.14642089e-02 3.66958660e-02 -1.10646499e-02
1.56992624e+00 -3.20785886e+00 -3.47658075e+01 2.99952860e+01 -4.35845750e+01 5.08759338e+01 9.14641834e-02 3.66958657e-02 -1.10646498e-02
1.56992623e+00 -3.20785885e+00 -3.47658075e+01 2.99952859e+01 -4.35845750e+01 5.08759338e+01 9.14641465e-02 3.66958656e-02 -1.10646498e-02
1.56992623e+00 -3.20785886e+00 -3.47658074e+01 2.99952858e+01 -4.35845749e+01 5.08759338e+01 9.14641063e-02 3.66958657e-02 -1.10646498e-02
1.56992624e+00 -3.20785888e+00 -3.47658074e+01 2.99952858e+01 -4.35845750e+01 5.08759339e+01 9.14640745e-02 3.66958660e-02 -1.10646498e-02
1.56992624e+00 -3.20785885e+00 -3.47658075e+01 2.99952860e+01 -4.35845751e+01 5.08759340e+01 9.14641078e-02 3.66958664e-02 -1.10646498e-02
1.56992624e+00 -3.20785886e+00 -3.47658076e+01 2.99952860e+01 -4.35845752e+01 5.08759340e+01 9.14641082e-02 3.66958666e-02 -1.10646498e-02
1.56992624e+00 -3.20785887e+00 -3.47658076e+01 2.99952861e+01 -4.35845752e+01 5.08759341e+01 9.14641194e-02 3.66958668e-02 -1.10646499e-02
1.56992625e+00 -3.20785888e+00 -3.47658076e+01 2.99952861e+01 -4.35845753e+01 5.08759341e+01 9.14641366e-02 3.66958669e-02 -1.10646499e-02
1.56992625e+00 -3.20785888e+00 -3.47658077e+01 2.99952862e+01 -4.35845753e+01 5.08759341e+01 9.14641592e-02 3.66958669e-02 -1.10646499e-02
1.56992625e+00 -3.20785887e+00 -3.47658077e+01 2.99952862e+01 -4.35845753e+01 5.08759341e+01 9.14641803e-02 3.66958668e-02 -1.10646499e-02
1.56992625e+00 -3.20785886e+00 -3.47658077e+01 2.99952862e+01 -4.35845753e+01 5.08759340e+01 9.14641955e-02 3.66958666e-02 -1.10646499e-02
1.56992624e+00 -3.20785885e+00 -3.47658077e+01 2.99952862e+01 -4.35845752e+01 5.08759340e+01 9.14642013e-02 3.66958664e-02 -1.10646499e-02
1.56992624e+00 -3.20785884e+00 -3.47658077e+01 2.99952861e+01 -4.35845752e+01 5.08759339e+01 9.14641939e-02 3.66958662e-02 -1.10646499e-02
1.56992623e+00 -3.20785883e+00 -3.47658076e+01 2.99952860e+01 -4.35845751e+01 5.08759339e+01 9.14641810e-02 3.66958661e-02 -1.10646498e-02
1.56992623e+00 -3.20785883e+00 -3.47658076e+01 2.99952860e+01 -4.35845751e+01 5.08759339e+01 9.14641602e-02 3.66958661e-02 -1.10646498e-02
1.56992623e+00 -3.20785884e+00 -3.47658075e+01 2.99952859e+01 -4.35845751e+01 5.08759339e+01 9.14641371e-02 3.66958661e-02 -1.10646498e-02
1.56992623e+00 -3.20785884e+00 -3.47658075e+01 2.99952859e+01 -4.35845751e+01 5.08759339e+01 9.14641193e-02 3.66958662e-02 -1.10646498e-02
1.56992624e+00 -3.20785884e+00 -3.47658077e+01 2.99952861e+01 -4.35845752e+01 5.08759340e+01 9.14641617e-02 3.66958665e-02 -1.10646499e-02
1.56992624e+00 -3.20785884e+00 -3.47658077e+01 2.99952861e+01 -4.35845752e+01 5.08759340e+01 9.14641617e-02 3.66958665e-02 -1.10646499e-02
1.56992624e+00 -3.20785884e+00 -3.47658077e+01 2.99952861e+01 -4.35845752e+01 5.08759340e+01 9.14641617e-02 3.66958665e-02 -1.10646499e-02
1.56992624e+00 -3.20785884e+00 -3.47658077e+01 2.99952861e+01 -4.35845752e+01 5.08759340e+01 9.14641617e-02 3.66958665e-02 -1.10646499e-02
1.56992624e+00 -3.20785884e+00 -3.47658077e+01 2.99952861e+01 -4.35845752e+01 5.08759340e+01 9.14641617e-02 3.66958665e-02 -1.10646499e-02
1.56992624e+00 -3.20785884e+00 -3.47658077e+01 2.99952861e+01 -4.35845752e+01 5.08759340e+01 9.14641617e-02 3.66958665e-02 -1.10646499e-02
1.56992624e+00 -3.20785884e+00 -3.47658077e+01 2.99952861e+01 -4.35845752e+01 5.08759340e+01 9.14641617e-02 3.66958665e-02 -1.10646499e-02
1.56992624e+00 -3.20785884e+00 -3.47658077e+01 2.99952861e+01 -4.35845752e+01 5.08759340e+01 9.14641617e-02 3.66958665e-02 -1.10646499e-02
1.56992624e+00 -3.20785884e+00 -3.47658077e+01 2.99952861e+01 -4.35845752e+01 5.08759340e+01 9.14641617e-02 3.66958665e-02 -1.10646499e-02
1.56992624e+00 -3.20785884e+00 -3.47658077e+01 2.99952861e+01 -4.35845752e+01 5.08759340e+01 9.14641617e-02 3.66958665e-02 -1.10646499e-02
1.56992624e+00 -3.20785884e+00 -3.47658077e+01 2.99952861e+01 -4.35845752e+01 5.08759340e+01 9.14641617e-02 3.66958665e-02 -1.10646499e-02
1.56992624e+00 -3.20785884e+00 -3.47658077e+01 2.99952861e+01 -4.35845752e+01 5.08759340e+01 9.14641617e-02 3.66958665e-02 -1.10646499e-02
1.56992624e+00 -3.20785884e+00 -3.47658077e+01 2.99952861e+01 -4.35845752e+01 5.08759340e+01 9.14641617e-02 3.66958665e-02 -1.10646499e-02
