1.51792528e+01 -5.18766799e+00 -2.34100266e+00 -3.52367663e+00 -2.38963883e+00 1.76893358e+00 -1.68539078e+00 -9.27324355e-01 1.06514871e-01
1.51792528e+01 -5.18766799e+00 -2.34100266e+00 -3.52367663e+00 -2.38963883e+00 1.76893358e+00 -1.68539078e+00 -9.27324355e-01 1.06514871e-01
1.51792528e+01 -5.18766799e+00 -2.34100266e+00 -3.52367663e+00 -2.38963883e+00 1.76893358e+00 -1.68539078e+00 -9.27324355e-01 1.06514871e-01
1.51792528e+01 -5.18766799e+00 -2.34100266e+00 -3.52367663e+00 -2.38963883e+00 1.76893358e+00 -1.68539078e+00 -9.27324355e-01 1.06514871e-01
1.51792528e+01 -5.18766799e+00 -2.34100266e+00 -3.52367663e+00 -2.38963883e+00 1.76893358e+00 -1.68539078e+00 -9.27324355e-01 1.06514871e-01
1.51792528e+01 -5.18766799e+00 -2.34100266e+00 -3.52367663e+00 -2.38963883e+00 1.76893358e+00 -1.68539078e+00 -9.27324355e-01 1.06514871e-01
1.51792528e+01 -5.18766799e+00 -2.34100266e+00 -3.52367663e+00 -2.38963883e+00 1.76893358e+00 -1.68539078e+00 -9.27324355e-01 1.06514871e-01
1.51792528e+01 -5.18766799e+00 -2.34100266e+00 -3.52367663e+00 -2.38963883e+00 1.76893358e+00 -1.68539078e+00 -9.27324355e-01 1.06514871e-01
1.51792528e+01 -5.18766799e+00 -2.34100266e+00 -3.52367663e+00 -2.38963883e+00 1.76893358e+00 -1.68539078e+00 -9.27324355e-01 1.06514871e-01
1.51792528e+01 -5.18766799e+00 -2.34100266e+00 -3.52367663e+00 -2.38963883e+00 1.76893358e+00 -1.68539078e+00 -9.27324355e-01 1.06514871e-01
1.51792528e+01 -5.18766799e+00 -2.34100266e+00 -3.52367663e+00 -2.38963883e+00 1.76893358e+00 -1.68539078e+00 -9.27324355e-01 1.06514871e-01
1.51792528e+01 -5.18766799e+00 -2.34100266e+00 -3.52367663e+00 -2.38963883e+00 1.76893358e+00 -1.68539078e+00 -9.27324355e-01 1.06514871e-01
1.51792528e+01 -5.18766799e+00 -2.34100266e+00 -3.52367663e+00 -2.38963883e+00 1.76893358e+00 -1.68539078e+00 -9.27324355e-01 1.06514871e-01
1.51792528e+01 -5.18766799e+00 -2.34100266e+00 -3.52367663e+00 -2.38963883e+00 1.76893358e+00 -1.68539078e+00 -9.27324355e-01 1.06514871e-01
1.51792528e+01 -5.18766799e+00 -2.34100266e+00 -3.52367663e+00 -2.38963883e+00 1.76893358e+00 -1.68539078e+00 -9.27324355e-01 1.06514871e-01
1.51792528e+01 -5.18766799e+00 -2.34100266e+00 -3.52367663e+00 -2.38963883e+00 1.76893358e+00 -1.68539078e+00 -9.27324355e-01 1.06514871e-01
1.51792528e+01 -5.18766799e+00 -2.34100266e+00 -3.52367663e+00 -2.38963883e+00 1.76893358e+00 -1.68539078e+00 -9.27324355e-01 1.06514871e-01
1.51792528e+01 -5.18766799e+00 -2.34100266e+00 -3.52367663e+00 -2.38963883e+00 1.76893358e+00 -1.68539078e+00 -9.27324355e-01 1.06514871e-01
1.51792528e+01 -5.18766799e+00 -2.34100266e+00 -3.52367663e+00 -2.38963883e+00 1.76893358e+00 -1.68539078e+00 -9.27324355e-01 1.06514871e-01
1.51792528e+01 -5.18766799e+00 -2.34100266e+00 -3.52367663e+00 -2.38963883e+00 1.76893358e+00 -1.68539078e+00 -9.27324355e-01 1.06514871e-01
1.51792528e+01 -5.18766799e+00 -2.34100266e+00 -3.52367663e+00 -2.38963883e+00 1.76893358e+00 -1.68539078e+00 -9.27324355e-01 1.06514871e-01
1.51792528e+01 -5.18766799e+00 -2.34100266e+00 -3.52367663e+00 -2.38963883e+00 1.76893358e+00 -1.68539078e+00 -9.27324355e-01 1.06514871e-01
1.51792528e+01 -5.18766799e+00 -2.34100266e+00 -3.52367663e+00 -2.38963883e+00 1.76893358e+00 -1.68539078e+00 -9.27324355e-01 1.06514871e-01
1.51792528e+01 -5.18766799e+00 -2.34100266e+00 -3.52367663e+00 -2.38963883e+00 1.76893358e+00 -1.68539078e+00 -9.27324355e-01 1.06514871e-01
1.51792528e+01 -5.18766799e+00 -2.34100266e+00 -3.52367663e+00 -2.38963883e+00 1.76893358e+00 -1.68539078e+00 -9.27324355e-01 1.06514871e-01
1.51792528e+01 -5.18766799e+00 -2.34100266e+00 -3.52367663e+00 -2.38963883e+00 1.76893358e+00 -1.68539078e+00 -9.27324355e-01 1.06514871e-01
1.51792528e+01 -5.18766799e+00 -2.34100266e+00 -3.52367663e+00 -2.38963883e+00 1.76893358e+00 -1.68539078e+00 -9.27324355e-01 1.06514871e-01
1.51792528e+01 -5.18766799e+00 -2.34100266e+00 -3.52367663e+00 -2.38963883e+00 1.76893358e+00 -1.68539078e+00 -9.27324355e-01 1.06514871e-01
1.51792528e+01 -5.18766799e+00 -2.34100266e+00 -3.52367663e+00 -2.38963883e+00 1.76893358e+00 -1.68539078e+00 -9.27324355e-01 1.06514871e-01
1.51792528e+01 -5.18766799e+00 -2.34100266e+00 -3.52367663e+00 -2.38963883e+00 1.76893358e+00 -1.68539078e+00 -9.27324355e-01 1.06514871e-01
1.51792528e+01 -5.18766799e+00 -2.34100266e+00 -3.52367663e+00 -2.38963883e+00 1.76893358e+00 -1.68539078e+00 -9.27324355e-01 1.06514871e-01
1.51792528e+01 -5.18766799e+00 -2.34100266e+00 -3.52367663e+00 -2.38963883e+00 1.76893358e+00 -1.68539078e+00 -9.27324355e-01 1.06514871e-01
1.51792528e+01 -5.18766799e+00 -2.34100266e+00 -3.52367663e+00 -2.38963883e+00 1.76893358e+00 -1.68539078e+00 -9.27324355e-01 1.06514871e-01
1.51792528e+01 -5.18766799e+00 -2.34100266e+00 -3.52367663e+00 -2.38963883e+00 1.76893358e+00 -1.68539078e+00 -9.27324355e-01 1.06514871e-01
1.51792528e+01 -5.18766799e+00 -2.34100266e+00 -3.52367663e+00 -2.38963883e+00 1.76893358e+00 -1.68539078e+00 -9.27324355e-01 1.06514871e-01
1.51792528e+01 -5.18766799e+00 -2.34100266e+00 -3.52367663e+00 -2.38963883e+00 1.76893358e+00 -1.68539078e+00 -9.27324355e-01 1.06514871e-01
1.51792528e+01 -5.18766799e+00 -2.34100266e+00 -3.52367663e+00 -2.38963883e+00 1.76893358e+00 -1.68539078e+00 -9.27324355e-01 1.06514871e-01
1.51792528e+01 -5.18766799e+00 -2.34100266e+00 -3.52367663e+00 -2.38963883e+00 1.76893358e+00 -1.68539078e+00 -9.27324355e-01 1.06514871e-01
1.51792528e+01 -5.18766799e+00 -2.34100266e+00 -3.52367663e+00 -2.38963883e+00 1.76893358e+00 -1.68539078e+00 -9.27324355e-01 1.06514871e-01
1.51792528e+01 -5.18766799e+00 -2.34100266e+00 -3.52367663e+00 -2.38963883e+00 1.76893358e+00 -1.68539078e+00 -9.27324355e-01 1.06514871e-01
1.51792528e+01 -5.18766799e+00 -2.34100266e+00 -3.52367663e+00 -2.38963883e+00 1.76893358e+00 -1.68539078e+00 -9.27324355e-01 1.06514871e-01
1.51792528e+01 -5.18766799e+00 -2.34100266e+00 -3.52367663e+00 -2.38963883e+00 1.76893358e+00 -1.68539078e+00 -9.27324355e-01 1.06514871e-01
1.51792528e+01 -5.18766799e+00 -2.34100266e+00 -3.52367663e+00 -2.38963883e+00 1.76893358e+00 -1.68539078e+00 -9.27324355e-01 1.06514871e-01
1.51792528e+01 -5.18766799e+00 -2.34100266e+00 -3.52367663e+00 -2.38963883e+00 1.76893358e+00 -1.68539078e+00 -9.27324355e-01 1.06514871e-01
1.51792528e+01 -5.18766799e+00 -2.34100266e+00 -3.52367663e+00 -2.38963883e+00 1.76893358e+00 -1.68539078e+00 -9.27324355e-01 1.06514871e-01
1.51792528e+01 -5.18766799e+00 -2.34100266e+00 -3.52367663e+00 -2.38963883e+00 1.76893358e+00 -1.68539078e+00 -9.27324355e-01 1.06514871e-01
1.51792528e+01 -5.18766799e+00 -2.34100266e+00 -3.52367663e+00 -2.38963883e+00 1.76893358e+00 -1.68539078e+00 -9.27324355e-01 1.06514871e-01
1.51792528e+01 -5.18766799e+00 -2.34100266e+00 -3.52367663e+00 -2.38963883e+00 1.76893358e+00 -1.68539078e+00 -9.27324355e-01 1.06514871e-01
1.51792528e+01 -5.18766799e+00 -2.34100266e+00 -3.52367663e+00 -2.38963883e+00 1.76893358e+00 -1.68539078e+00 -9.27324355e-01 1.06514871e-01
1.51792528e+01 -5.18766799e+00 -2.34100266e+00 -3.52367663e+00 -2.38963883e+00 1.76893358e+00 -1.68539078e+00 -9.27324355e-01 1.06514871e-01
1.51792528e+01 -5.18766799e+00 -2.34100266e+00 -3.52367663e+00 -2.38963883e+00 1.76893358e+00 -1.68539078e+00 -9.27324355e-01 1.06514871e-01
1.51792528e+01 -5.18766799e+00 -2.34100266e+00 -3.52367663e+00 -2.38963883e+00 1.76893358e+00 -1.68539078e+00 -9.27324355e-01 1.06514871e-01
1.51792528e+01 -5.18766799e+00 -2.34100266e+00 -3.52367663e+00 -2.38963883e+00 1.76893358e+00 -1.68539078e+00 -9.27324355e-01 1.06514871e-01
1.51792528e+01 -5.18766799e+00 -2.34100266e+00 -3.52367663e+00 -2.38963883e+00 1.76893358e+00 -1.68539078e+00 -9.27324355e-01 1.06514871e-01
1.51792528e+01 -5.18766799e+00 -2.34100266e+00 -3.52367663e+00 -2.38963883e+00 1.76893358e+00 -1.68539078e+00 -9.27324355e-01 1.06514871e-01
1.51792528e+01 -5.18766799e+00 -2.34100266e+00 -3.52367663e+00 -2.38963883e+00 1.76893358e+00 -1.68539078e+00 -9.27324355e-01 1.06514871e-01
1.51792528e+01 -5.18766799e+00 -2.34100266e+00 -3.52367663e+00 -2.38963883e+00 1.76893358e+00 -1.68539078e+00 -9.27324355e-01 1.06514871e-01
1.51792528e+01 -5.18766799e+00 -2.34100266e+00 -3.52367663e+00 -2.38963883e+00 1.76893358e+00 -1.68539078e+00 -9.27324355e-01 1.06514871e-01
1.51792528e+01 -5.18766799e+00 -2.34100266e+00 -3.52367663e+00 -2.38963883e+00 1.76893358e+00 -1.68539078e+00 -9.27324355e-01 1.06514871e-01
1.51792528e+01 -5.18766799e+00 -2.34100266e+00 -3.52367663e+00 -2.38963883e+00 1.76893358e+00 -1.68539078e+00 -9.27324355e-01 1.06514871e-01
1.51792528e+01 -5.18766799e+00 -2.34100266e+00 -3.52367663e+00 -2.38963883e+00 1.76893358e+00 -1.68539078e+00 -9.27324355e-01 1.06514871e-01
1.51792528e+01 -5.18766799e+00 -2.34100266e+00 -3.52367663e+00 -2.38963883e+00 1.76893358e+00 -1.68539078e+00 -9.27324355e-01 1.06514871e-01
1.51792528e+01 -5.18766799e+00 -2.34100266e+00 -3.52367663e+00 -2.38963883e+00 1.76893358e+00 -1.68539078e+00 -9.27324355e-01 1.06514871e-01
1.51792528e+01 -5.18766799e+00 -2.34100266e+00 -3.52367663e+00 -2.38963883e+00 1.76893358e+00 -1.68539078e+00 -9.27324355e-01 1.06514871e-01
1.51792528e+01 -5.18766799e+00 -2.34100266e+00 -3.52367663e+00 -2.38963883e+00 1.76893358e+00 -1.68539078e+00 -9.27324355e-01 1.06514871e-01
1.51792528e+01 -5.18766799e+00 -2.34100266e+00 -3.52367663e+00 -2.38963883e+00 1.76893358e+00 -1.68539078e+00 -9.27324355e-01 1.06514871e-01
1.51792528e+01 -5.18766799e+00 -2.34100266e+00 -3.52367663e+00 -2.38963883e+00 1.76893358e+00 -1.68539078e+00 -9.27324355e-01 1.06514871e-01
1.51792528e+01 -5.18766799e+00 -2.34100266e+00 -3.52367663e+00 -2.38963883e+00 1.76893358e+00 -1.68539078e+00 -9.27324355e-01 1.06514871e-01
1.51792528e+01 -5.18766799e+00 -2.34100266e+00 -3.52367663e+00 -2.38963883e+00 1.76893358e+00 -1.68539078e+00 -9.27324355e-01 1.06514871e-01
1.51792528e+01 -5.18766799e+00 -2.34100266e+00 -3.52367663e+00 -2.38963883e+00 1.76893358e+00 -1.68539078e+00 -9.27324355e-01 1.06514871e-01
1.51792528e+01 -5.18766799e+00 -2.34100266e+00 -3.52367663e+00 -2.38963883e+00 1.76893358e+00 -1.68539078e+00 -9.27324355e-01 1.06514871e-01
1.51792528e+01 -5.18766799e+00 -2.34100266e+00 -3.52367663e+00 -2.38963883e+00 1.76893358e+00 -1.68539078e+00 -9.27324355e-01 1.06514871e-01
1.51792528e+01 -5.18766799e+00 -2.34100266e+00 -3.52367663e+00 -2.38963883e+00 1.76893358e+00 -1.68539078e+00 -9.27324355e-01 1.06514871e-01
1.51792528e+01 -5.18766799e+00 -2.34100266e+00 -3.52367663e+00 -2.38963883e+00 1.76893358e+00 -1.68539078e+00 -9.27324355e-01 1.06514871e-01
1.51792528e+01 -5.18766799e+00 -2.34100266e+00 -3.52367663e+00 -2.38963883e+00 1.76893358e+00 -1.68539078e+00 -9.27324355e-01 1.06514871e-01
1.51792528e+01 -5.18766799e+00 -2.34100266e+00 -3.52367663e+00 -2.38963883e+00 1.76893358e+00 -1.68539078e+00 -9.27324355e-01 1.06514871e-01
1.51792528e+01 -5.18766799e+00 -2.34100266e+00 -3.52367663e+00 -2.38963883e+00 1.76893358e+00 -1.68539078e+00 -9.27324355e-01 1.06514871e-01
1.51792528e+01 -5.18766799e+00 -2.34100266e+00 -3.52367663e+00 -2.38963883e+00 1.76893358e+00 -1.68539078e+00 -9.27324355e-01 1.06514871e-01
1.51792528e+01 -5.18766799e+00 -2.34100266e+00 -3.52367663e+00 -2.38963883e+00 1.76893358e+00 -1.68539078e+00 -9.27324355e-01 1.06514871e-01
1.51792528e+01 -5.18766799e+00 -2.34100266e+00 -3.52367663e+00 -2.38963883e+00 1.76893358e+00 -1.68539078e+00 -9.27324355e-01 1.06514871e-01
1.51792528e+01 -5.18766799e+00 -2.34100266e+00 -3.52367663e+00 -2.38963883e+00 1.76893358e+00 -1.68539078e+00 -9.27324355e-01 1.06514871e-01
1.51792528e+01 -5.18766799e+00 -2.34100266e+00 -3.52367663e+00 -2.38963883e+00 1.76893358e+00 -1.68539078e+00 -9.27324355e-01 1.06514871e-01
1.51792528e+01 -5.18766799e+00 -2.34100266e+00 -3.52367663e+00 -2.38963883e+00 1.76893358e+00 -1.68539078e+00 -9.27324355e-01 1.06514871e-01
1.51792528e+01 -5.18766799e+00 -2.34100266e+00 -3.52367663e+00 -2.38963883e+00 1.76893358e+00 -1.68539078e+00 -9.27324355e-01 1.06514871e-01
1.51792528e+01 -5.18766799e+00 -2.34100266e+00 -3.52367663e+00 -2.38963883e+00 1.76893358e+00 -1.68539078e+00 -9.27324355e-01 1.06514871e-01
1.51792528e+01 -5.18766799e+00 -2.34100266e+00 -3.52367663e+00 -2.38963883e+00 1.76893358e+00 -1.68539078e+00 -9.27324355e-01 1.06514871e-01
1.51792528e+01 -5.18766799e+00 -2.34100266e+00 -3.52367663e+00 -2.38963883e+00 1.76893358e+00 -1.68539078e+00 -9.27324355e-01 1.06514871e-01
1.51792528e+01 -5.18766799e+00 -2.34100266e+00 -3.52367663e+00 -2.38963883e+00 1.76893358e+00 -1.68539078e+00 -9.27324355e-01 1.06514871e-01
1.51792528e+01 -5.18766799e+00 -2.34100266e+00 -3.52367663e+00 -2.38963883e+00 1.76893358e+00 -1.68539078e+00 -9.27324355e-01 1.06514871e-01
1.51792528e+01 -5.18766799e+00 -2.34100266e+00 -3.52367663e+00 -2.38963883e+00 1.76893358e+00 -1.68539078e+00 -9.27324355e-01 1.06514871e-01
1.51792528e+01 -5.18766799e+00 -2.34100266e+00 -3.52367663e+00 -2.38963883e+00 1.76893358e+00 -1.68539078e+00 -9.27324355e-01 1.06514871e-01
