-4.62995403e+00 1.80159979e+01 8.73782620e-01 5.45318876e+00 -2.52833583e+01 1.45327938e+01 -7.91914242e+00 -4.69974430e-02 3.68907477e-03
-4.63195266e+00 1.80209417e+01 8.81756054e-01 5.46418966e+00 -2.53019780e+01 1.45307356e+01 -7.92038040e+00 -4.70004133e-02 3.68851790e-03
-4.63368709e+00 1.80247526e+01 8.90854720e-01 5.47261591e+00 -2.53168500e+01 1.45272462e+01 -7.92161731e+00 -4.70032181e-02 3.68811327e-03
-4.63507631e+00 1.80272526e+01 9.00654677e-01 5.47807536e+00 -2.53272820e+01 1.45224890e+01 -7.92279550e+00 -4.70057269e-02 3.68787990e-03
-4.63605549e+00 1.80283246e+01 9.10699830e-01 5.48031432e+00 -2.53327890e+01 1.45166860e+01 -7.92386015e+00 -4.70078223e-02 3.68782876e-03
-4.63657894e+00 1.80279181e+01 9.20522858e-01 5.47922904e+00 -2.53331155e+01 1.45101075e+01 -7.92476168e+00 -4.70094058e-02 3.68796223e-03
-4.63662226e+00 1.80260521e+01 9.29666629e-01 5.47487041e+00 -2.53282466e+01 1.45030599e+01 -7.92545810e+00 -4.70104021e-02 3.68827401e-03
-4.63618347e+00 1.80228134e+01 9.37705171e-01 5.46744159e+00 -2.53184092e+01 1.44958714e+01 -7.92591693e+00 -4.70107634e-02 3.68874938e-03
-4.63528308e+00 1.80183534e+01 9.44263298e-01 5.45728858e+00 -2.53040613e+01 1.44888769e+01 -7.92611666e+00 -4.70104715e-02 3.68936600e-03
-4.63396313e+00 1.80128804e+01 9.49034024e-01 5.44488432e+00 -2.52858708e+01 1.44824025e+01 -7.92604782e+00 -4.70095389e-02 3.69009486e-03
-4.63228525e+00 1.80066503e+01 9.51792981e-01 5.43080688e+00 -2.52646850e+01 1.44767506e+01 -7.92571344e+00 -4.70080084e-02 3.69090178e-03
-4.63032777e+00 1.79999547e+01 9.52409145e-01 5.41571285e+00 -2.52414917e+01 1.44721858e+01 -7.92512891e+00 -4.70059517e-02 3.69174895e-03
-4.62818213e+00 1.79931067e+01 9.50851341e-01 5.40030688e+00 -2.52173731e+01 1.44689225e+01 -7.92432132e+00 -4.70034652e-02 3.69259675e-03
-4.62594856e+00 1.79864269e+01 9.47190132e-01 5.38530899e+00 -2.51934563e+01 1.44671143e+01 -7.92332826e+00 -4.70006663e-02 3.69340559e-03
-4.62373144e+00 1.79802278e+01 9.41594948e-01 5.37142092e+00 -2.51708599e+01 1.44668473e+01 -7.92219606e+00 -4.69976871e-02 3.69413777e-03
-4.62163445e+00 1.79747995e+01 9.34326481e-01 5.35929328e+00 -2.51506424e+01 1.44681352e+01 -7.92097768e+00 -4.69946683e-02 3.69475918e-03
-4.61975568e+00 1.79703959e+01 9.25724680e-01 5.34949488e+00 -2.51337519e+01 1.44709188e+01 -7.91973020e+00 -4.69917522e-02 3.69524092e-03
-4.61818307e+00 1.79672231e+01 9.16192832e-01 5.34248579e+00 -2.51209813e+01 1.44750683e+01 -7.91851213e+00 -4.69890759e-02 3.69556060e-03
-4.61699026e+00 1.79654292e+01 9.06178505e-01 5.33859552e+00 -2.51129309e+01 1.44803897e+01 -7.91738067e+00 -4.69867650e-02 3.69570334e-03
-4.61623314e+00 1.79650979e+01 8.96152280e-01 5.33800723e+00 -2.51099794e+01 1.44866333e+01 -7.91638897e+00 -4.69849270e-02 3.69566250e-03
-4.61594720e+00 1.79662446e+01 8.86585311e-01 5.34074900e+00 -2.51122660e+01 1.44935061e+01 -7.91558359e+00 -4.69836472e-02 3.69543996e-03
-4.61614589e+00 1.79688153e+01 8.77926865e-01 5.34669236e+00 -2.51196838e+01 1.45006854e+01 -7.91500231e+00 -4.69829840e-02 3.69504601e-03
-4.61681993e+00 1.79726896e+01 8.70582957e-01 5.35555836e+00 -2.51318843e+01 1.45078341e+01 -7.91467233e+00 -4.69829672e-02 3.69449894e-03
-4.61793776e+00 1.79776862e+01 8.64897154e-01 5.36693082e+00 -2.51482946e+01 1.45146169e+01 -7.91460899e+00 -4.69835963e-02 3.69382418e-03
-4.61944703e+00 1.79835714e+01 8.61134476e-01 5.38027608e+00 -2.51681441e+01 1.45207160e+01 -7.91481507e+00 -4.69848409e-02 3.69305315e-03
-4.62127707e+00 1.79900701e+01 8.59469164e-01 5.39496831e+00 -2.51905016e+01 1.45258462e+01 -7.91528072e+00 -4.69866424e-02 3.69222181e-03
-4.62334219e+00 1.79968785e+01 8.59976842e-01 5.41031908e+00 -2.52143191e+01 1.45297683e+01 -7.91598391e+00 -4.69889168e-02 3.69136899e-03
-4.62554573e+00 1.80036786e+01 8.62631402e-01 5.42560986e+00 -2.52384813e+01 1.45322998e+01 -7.91689155e+00 -4.69915585e-02 3.69053458e-03
-4.62778458e+00 1.80101525e+01 8.67306656e-01 5.44012572e+00 -2.52618584e+01 1.45333238e+01 -7.91796107e+00 -4.69944451e-02 3.68975769e-03
-4.64050549e+00 1.80674027e+01 8.01473900e-01 5.55262824e+00 -2.54311569e+01 1.46139955e+01 -7.92052453e+00 -4.69947324e-02 3.68128114e-03
-4.64640632e+00 1.80820061e+01 8.24994688e-01 5.58499033e+00 -2.54859509e+01 1.46078655e+01 -7.92417552e+00 -4.70034682e-02 3.67962996e-03
-4.65152506e+00 1.80932676e+01 8.51797158e-01 5.60975546e+00 -2.55296781e+01 1.45975354e+01 -7.92781921e+00 -4.70117349e-02 3.67843010e-03
-4.65562321e+00 1.81006603e+01 8.80641113e-01 5.62578210e+00 -2.55603216e+01 1.45834898e+01 -7.93128709e+00 -4.70191506e-02 3.67773861e-03
-4.65851015e+00 1.81038373e+01 9.10196434e-01 5.63233458e+00 -2.55764730e+01 1.45663817e+01 -7.93441912e+00 -4.70253683e-02 3.67758831e-03
-4.66005177e+00 1.81026482e+01 9.39101861e-01 5.62911490e+00 -2.55773932e+01 1.45470029e+01 -7.93707076e+00 -4.70300918e-02 3.67798616e-03
-4.66017669e+00 1.80971461e+01 9.66024831e-01 5.61627509e+00 -2.55630443e+01 1.45262486e+01 -7.93911940e+00 -4.70330909e-02 3.67891296e-03
-4.65887937e+00 1.80875861e+01 9.89720276e-01 5.59440981e+00 -2.55340900e+01 1.45050770e+01 -7.94046986e+00 -4.70342140e-02 3.68032434e-03
-4.65622040e+00 1.80744134e+01 1.00908628e+00 5.56452958e+00 -2.54918663e+01 1.44844674e+01 -7.94105871e+00 -4.70333969e-02 3.68215306e-03
-4.65232362e+00 1.80582431e+01 1.02321445e+00 5.52801572e+00 -2.54383220e+01 1.44653759e+01 -7.94085728e+00 -4.70306680e-02 3.68431232e-03
-4.64737045e+00 1.80398315e+01 1.03143294e+00 5.48655872e+00 -2.53759324e+01 1.44486925e+01 -7.93987323e+00 -4.70261491e-02 3.68670012e-03
-4.64159155e+00 1.80200404e+01 1.03333988e+00 5.44208234e+00 -2.53075891e+01 1.44351994e+01 -7.93815048e+00 -4.70200505e-02 3.68920417e-03
-4.63525617e+00 1.79997971e+01 1.02882543e+00 5.39665641e+00 -2.52364691e+01 1.44255349e+01 -7.93576755e+00 -4.70126614e-02 3.69170732e-03
-4.62865976e+00 1.79800503e+01 1.01808077e+00 5.35240190e+00 -2.51658902e+01 1.44201615e+01 -7.93283428e+00 -4.70043357e-02 3.69409298e-03
-4.62211032e+00 1.79617256e+01 1.00159283e+00 5.31139228e+00 -2.50991568e+01 1.44193427e+01 -7.92948699e+00 -4.69954739e-02 3.69625056e-03
-4.61591404e+00 1.79456816e+01 9.80124407e-01 5.27555578e+00 -2.50394051e+01 1.44231281e+01 -7.92588222e+00 -4.69865022e-02 3.69808040e-03
-4.61036103e+00 1.79326695e+01 9.54680038e-01 5.24658322e+00 -2.49894532e+01 1.44313493e+01 -7.92218950e+00 -4.69778506e-02 3.69949827e-03
-4.60571169e+00 1.79232981e+01 9.26458888e-01 5.22584612e+00 -2.49516646e+01 1.44436258e+01 -7.91858315e+00 -4.69699307e-02 3.70043898e-03
-4.60218438e+00 1.79180048e+01 8.96796924e-01 5.21432947e+00 -2.49278332e+01 1.44593825e+01 -7.91523390e+00 -4.69631152e-02 3.70085930e-03
-4.59994505e+00 1.79170356e+01 8.67101408e-01 5.21258282e+00 -2.49190936e+01 1.44778763e+01 -7.91230044e+00 -4.69577198e-02 3.70073977e-03
-4.59909925e+00 1.79204336e+01 8.38781315e-01 5.22069259e+00 -2.49258651e+01 1.44982324e+01 -7.90992169e+00 -4.69539894e-02 3.70008564e-03
-4.59968709e+00 1.79280380e+01 8.13177665e-01 5.23827720e+00 -2.49478297e+01 1.45194870e+01 -7.90820991e+00 -4.69520876e-02 3.69892664e-03
-4.60168121e+00 1.79394910e+01 7.91497711e-01 5.26450533e+00 -2.49839473e+01 1.45406345e+01 -7.90724527e+00 -4.69520914e-02 3.69731575e-03
-4.60498807e+00 1.79542558e+01 7.74756643e-01 5.29813653e+00 -2.50325070e+01 1.45606768e+01 -7.90707212e+00 -4.69539896e-02 3.69532701e-03
-4.60945233e+00 1.79716415e+01 7.63729872e-01 5.33758178e+00 -2.50912109e+01 1.45786717e+01 -7.90769701e+00 -4.69576853e-02 3.69305222e-03
-4.61486431e+00 1.79908355e+01 7.58918154e-01 5.38098079e+00 -2.51572868e+01 1.45937778e+01 -7.90908870e+00 -4.69630023e-02 3.69059692e-03
-4.62096994e+00 1.80109417e+01 7.60526932e-01 5.42629191e+00 -2.52276225e+01 1.46052936e+01 -7.91118000e+00 -4.69696936e-02 3.68807556e-03
-4.62748284e+00 1.80310218e+01 7.68460338e-01 5.47138984e+00 -2.52989159e+01 1.46126899e+01 -7.91387131e+00 -4.69774528e-02 3.68560626e-03
-4.63409786e+00 1.80501394e+01 7.82329476e-01 5.51416624e+00 -2.53678315e+01 1.46156324e+01 -7.91703559e+00 -4.69859272e-02 3.68330522e-03
-4.65384040e+00 1.81292449e+01 7.24773404e-01 5.65852514e+00 -2.55966725e+01 1.47070310e+01 -7.92574479e+00 -4.69882077e-02 3.67143636e-03
-4.66336773e+00 1.81528405e+01 7.62707550e-01 5.71050831e+00 -2.56847413e+01 1.46970207e+01 -7.93163446e+00 -4.70022694e-02 3.66875918e-03
-4.67162869e+00 1.81710431e+01 8.05872921e-01 5.75024753e+00 -2.57549557e+01 1.46802735e+01 -7.93750385e+00 -4.70156022e-02 3.66681396e-03
-4.67823926e+00 1.81830010e+01 8.52285045e-01 5.77592765e+00 -2.58041054e+01 1.46575763e+01 -7.94308338e+00 -4.70275945e-02 3.66569409e-03
-4.68289286e+00 1.81881516e+01 8.99822068e-01 5.78638389e+00 -2.58299560e+01 1.46299811e+01 -7.94811757e+00 -4.70376846e-02 3.66545319e-03
-4.68537420e+00 1.81862488e+01 9.46315121e-01 5.78114956e+00 -2.58313413e+01 1.45987573e+01 -7.95237596e+00 -4.70453866e-02 3.66610237e-03
-4.68556898e+00 1.81773753e+01 9.89639840e-01 5.76047360e+00 -2.58082101e+01 1.45653361e+01 -7.95566303e+00 -4.70503163e-02 3.66760973e-03
-4.68346891e+00 1.81619399e+01 1.02780655e+00 5.72530808e+00 -2.57616256e+01 1.45312489e+01 -7.95782668e+00 -4.70522132e-02 3.66990213e-03
-4.67917197e+00 1.81406600e+01 1.05904660e+00 5.67726627e+00 -2.56937193e+01 1.44980616e+01 -7.95876505e+00 -4.70509582e-02 3.67286909e-03
-4.67287788e+00 1.81145283e+01 1.08189199e+00 5.61855303e+00 -2.56075998e+01 1.44673060e+01 -7.95843136e+00 -4.70465852e-02 3.67636855e-03
-4.66487892e+00 1.80847671e+01 1.09524533e+00 5.55186941e+00 -2.55072198e+01 1.44404127e+01 -7.95683668e+00 -4.70392832e-02 3.68023415e-03
-4.65554668e+00 1.80527709e+01 1.09843643e+00 5.48029479e+00 -2.53972053e+01 1.44186451e+01 -7.95405014e+00 -4.70293912e-02 3.68428350e-03
-4.64531505e+00 1.80200408e+01 1.09126211e+00 5.40715008e+00 -2.52826517e+01 1.44030396e+01 -7.95019675e+00 -4.70173821e-02 3.68832700e-03
-4.63466043e+00 1.79881128e+01 1.07400571e+00 5.33584733e+00 -2.51688950e+01 1.43943538e+01 -7.94545254e+00 -4.70038394e-02 3.69217683e-03
-4.62407980e+00 1.79584857e+01 1.04743359e+00 5.26973160e+00 -2.50612659e+01 1.43930257e+01 -7.94003706e+00 -4.69894252e-02 3.69565544e-03
-4.61406774e+00 1.79325491e+01 1.01276682e+00 5.21192244e+00 -2.49648381e+01 1.43991473e+01 -7.93420362e+00 -4.69748446e-02 3.69860342e-03
-4.60509335e+00 1.79115187e+01 9.71628117e-01 5.16516268e+00 -2.48841836e+01 1.44124548e+01 -7.92822742e+00 -4.69608066e-02 3.70088636e-03
-4.59757817e+00 1.78963781e+01 9.25965686e-01 5.13168268e+00 -2.48231470e+01 1.44323365e+01 -7.92239226e+00 -4.69479858e-02 3.70240048e-03
-4.59187611e+00 1.78878335e+01 8.77957481e-01 5.11308793e+00 -2.47846520e+01 1.44578596e+01 -7.91697644e+00 -4.69369880e-02 3.70307691e-03
-4.58825645e+00 1.78862803e+01 8.29901388e-01 5.11027660e+00 -2.47705519e+01 1.44878142e+01 -7.91223873e+00 -4.69283199e-02 3.70288457e-03
-4.58689071e+00 1.78917860e+01 7.84097887e-01 5.12339240e+00 -2.47815332e+01 1.45207734e+01 -7.90840520e+00 -4.69223672e-02 3.70183151e-03
-4.58784422e+00 1.79040875e+01 7.42732546e-01 5.15181568e+00 -2.48170788e+01 1.45551645e+01 -7.90565782e+00 -4.69193803e-02 3.69996472e-03
-4.59107273e+00 1.79226045e+01 7.07765733e-01 5.19419376e+00 -2.48754928e+01 1.45893491e+01 -7.90412542e+00 -4.69194675e-02 3.69736837e-03
-4.59642447e+00 1.79464675e+01 6.80836168e-01 5.24850851e+00 -2.49539860e+01 1.46217044e+01 -7.90387763e+00 -4.69225958e-02 3.69416044e-03
-4.60364736e+00 1.79745591e+01 6.63183702e-01 5.31217746e+00 -2.50488174e+01 1.46507046e+01 -7.90492198e+00 -4.69285982e-02 3.69048785e-03
-4.61240117e+00 1.80055669e+01 6.55594994e-01 5.38218230e+00 -2.51554815e+01 1.46749936e+01 -7.90720437e+00 -4.69371849e-02 3.68652016e-03
-4.62227392e+00 1.80380443e+01 6.58373942e-01 5.45521752e+00 -2.52689326e+01 1.46934489e+01 -7.91061258e+00 -4.69479588e-02 3.68244204e-03
-4.63280168e+00 1.80704780e+01 6.71336866e-01 5.52785078e+00 -2.53838308e+01 1.47052313e+01 -7.91498251e+00 -4.69604333e-02 3.67844475e-03
-4.64349060e+00 1.81013576e+01 6.93830971e-01 5.59668662e+00 -2.54947984e+01 1.47098200e+01 -7.92010674e+00 -4.69740515e-02 3.67471713e-03
-4.66934770e+00 1.81986478e+01 6.47428403e-01 5.76572458e+00 -2.57720143e+01 1.48075050e+01 -7.93462556e+00 -4.69782345e-02 3.65999444e-03
-4.68205886e+00 1.82301579e+01 6.97973725e-01 5.83463436e+00 -2.58888575e+01 1.47939698e+01 -7.94247885e+00 -4.69969569e-02 3.65640862e-03
-4.69307547e+00 1.82544749e+01 7.55410248e-01 5.88725565e+00 -2.59819199e+01 1.47715073e+01 -7.95029179e+00 -4.70147390e-02 3.65380383e-03
-4.70188641e+00 1.82704605e+01 8.17112360e-01 5.92120473e+00 -2.60469800e+01 1.47411750e+01 -7.95770765e+00 -4.70307703e-02 3.65230618e-03
-4.70808406e+00 1.82773610e+01 8.80280690e-01 5.93495874e+00 -2.60811096e+01 1.47043747e+01 -7.96438919e+00 -4.70442989e-02 3.65198794e-03
-4.71138268e+00 1.82748440e+01 9.42057369e-01 5.92791475e+00 -2.60827894e+01 1.46627905e+01 -7.97003270e+00 -4.70546672e-02 3.65286372e-03
-4.71163099e+00 1.82630155e+01 9.99642108e-01 5.90041019e+00 -2.60519657e+01 1.46183160e+01 -7.97438065e+00 -4.70613476e-02 3.65488984e-03
-4.70881881e+00 1.82424179e+01 1.05040686e+00 5.85370525e+00 -2.59900478e+01 1.45729752e+01 -7.97723261e+00 -4.70639744e-02 3.65796686e-03
-4.70307727e+00 1.82140061e+01 1.09200668e+00 5.78992854e+00 -2.58998476e+01 1.45288381e+01 -7.97845408e+00 -4.70623714e-02 3.66194506e-03
-4.69467276e+00 1.81791049e+01 1.12248389e+00 5.71198787e+00 -2.57854640e+01 1.44879330e+01 -7.97798293e+00 -4.70565693e-02 3.66663251e-03
-4.68399479e+00 1.81393474e+01 1.14036171e+00 5.62344826e+00 -2.56521128e+01 1.44521584e+01 -7.97583319e+00 -4.70468125e-02 3.67180515e-03
-4.67153839e+00 1.80965981e+01 1.14472276e+00 5.52838024e+00 -2.55059080e+01 1.44231975e+01 -7.97209579e+00 -4.70335528e-02 3.67721815e-03
-4.65788166e+00 1.80528648e+01 1.13526692e+00 5.43118272e+00 -2.53535991e+01 1.44024373e+01 -7.96693611e+00 -4.70174288e-02 3.68261798e-03
-4.64365959e+00 1.80102028e+01 1.11234330e+00 5.33638595e+00 -2.52022710e+01 1.43908979e+01 -7.96058792e+00 -4.69992330e-02 3.68775430e-03
-4.62953498e+00 1.79706170e+01 1.07695127e+00 5.24844234e+00 -2.50590202e+01 1.43891760e+01 -7.95334393e+00 -4.69798679e-02 3.69239135e-03
-4.61616791e+00 1.79359662e+01 1.03070735e+00 5.17151430e+00 -2.49306186e+01 1.43974056e+01 -7.94554292e+00 -4.69602938e-02 3.69631813e-03
-4.60418505e+00 1.79078751e+01 9.75776835e-01 5.10926999e+00 -2.48231828e+01 1.44152419e+01 -7.93755393e+00 -4.69414744e-02 3.69935715e-03
-4.59415004e+00 1.78876579e+01 9.14772006e-01 5.06469837e+00 -2.47418670e+01 1.44418700e+01 -7.92975824e+00 -4.69243222e-02 3.70137161e-03
-4.58653656e+00 1.78762562e+01 8.50621792e-01 5.03995484e+00 -2.46905979e+01 1.44760391e+01 -7.92253010e+00 -4.69096500e-02 3.70227076e-03
-4.58170534e+00 1.78741962e+01 7.86420479e-01 5.03624740e+00 -2.46718675e+01 1.45161222e+01 -7.91621736e+00 -4.68981307e-02 3.70201354e-03
-4.57988638e+00 1.78815651e+01 7.25265334e-01 5.05377105e+00 -2.46866002e+01 1.45601981e+01 -7.91112336e+00 -4.68902681e-02 3.70061026e-03
-4.58116736e+00 1.78980084e+01 6.70094041e-01 5.09169499e+00 -2.47341003e+01 1.46061496e+01 -7.90749115e+00 -4.68863797e-02 3.69812251e-03
-4.58548902e+00 1.79227481e+01 6.23532905e-01 5.14820383e+00 -2.48120864e+01 1.46517738e+01 -7.90549121e+00 -4.68865916e-02 3.69466103e-03
-4.59264781e+00 1.79546208e+01 5.87765582e-01 5.22059034e+00 -2.49168096e+01 1.46948946e+01 -7.90521343e+00 -4.68908427e-02 3.69038156e-03
-4.60230570e+00 1.79921335e+01 5.64429973e-01 5.30539388e+00 -2.50432472e+01 1.47334725e+01 -7.90666357e+00 -4.68988971e-02 3.68547876e-03
-4.61400665e+00 1.80335339e+01 5.54548217e-01 5.39857592e+00 -2.51853606e+01 1.47657039e+01 -7.90976444e+00 -4.69103624e-02 3.68017805e-03
-4.62719879e+00 1.80768920e+01 5.58491755e-01 5.49572211e+00 -2.53364011e+01 1.47901053e+01 -7.91436126e+00 -4.69247107e-02 3.67472576e-03
-4.64126116e+00 1.81201899e+01 5.75980675e-01 5.59225900e+00 -2.54892436e+01 1.48055778e+01 -7.92023072e+00 -4.69413017e-02 3.66937792e-03
-4.65553354e+00 1.81614142e+01 6.06114297e-01 5.68367365e+00 -2.56367317e+01 1.48114511e+01 -7.92709296e+00 -4.69594069e-02 3.66438799e-03
-4.68630702e+00 1.82723598e+01 5.73178495e-01 5.86908907e+00 -2.59489137e+01 1.49107144e+01 -7.94680307e+00 -4.69653503e-02 3.64749039e-03
-4.70161238e+00 1.83103420e+01 6.33952327e-01 5.95144643e+00 -2.60887028e+01 1.48941756e+01 -7.95625652e+00 -4.69878720e-02 3.64315785e-03
-4.71487144e+00 1.83396634e+01 7.02924460e-01 6.01426668e+00 -2.61999300e+01 1.48669599e+01 -7.96564373e+00 -4.70092917e-02 3.64001186e-03
-4.72546992e+00 1.83589508e+01 7.76956488e-01 6.05472408e+00 -2.62775831e+01 1.48303502e+01 -7.97453810e+00 -4.70286377e-02 3.63820574e-03
-4.73291849e+00 1.83672931e+01 8.52710709e-01 6.07102122e+00 -2.63181971e+01 1.47860352e+01 -7.98253738e+00 -4.70450017e-02 3.63782716e-03
-4.73687459e+00 1.83642852e+01 9.26783650e-01 6.06245526e+00 -2.63199850e+01 1.47360342e+01 -7.98928005e+00 -4.70575821e-02 3.63889348e-03
-4.73715744e+00 1.83500508e+01 9.95839840e-01 6.02943923e+00 -2.62829004e+01 1.46826123e+01 -7.99446002e+00 -4.70657284e-02 3.64135089e-03
-4.73375583e+00 1.83252395e+01 1.05674418e+00 5.97347982e+00 -2.62086315e+01 1.46281871e+01 -7.99783929e+00 -4.70689832e-02 3.64507770e-03
-4.72682832e+00 1.82909996e+01 1.10669101e+00 5.89711354e+00 -2.61005309e+01 1.45752307e+01 -7.99925831e+00 -4.70671171e-02 3.64989120e-03
-4.71669592e+00 1.82489269e+01 1.14332722e+00 5.80380296e+00 -2.59634804e+01 1.45261675e+01 -7.99864363e+00 -4.70601540e-02 3.65555776e-03
-4.70382750e+00 1.82009909e+01 1.16486517e+00 5.69779529e+00 -2.58036954e+01 1.44832707e+01 -7.99601255e+00 -4.70483809e-02 3.66180531e-03
-4.68881874e+00 1.81494416e+01 1.17017984e+00 5.58394580e+00 -2.56284706e+01 1.44485604e+01 -7.99147432e+00 -4.70323421e-02 3.66833742e-03
-4.67236525e+00 1.80967026e+01 1.15888314e+00 5.46751011e+00 -2.54458721e+01 1.44237070e+01 -7.98522755e+00 -4.70128146e-02 3.67484798e-03
-4.65523117e+00 1.80452551e+01 1.13136809e+00 5.35391120e+00 -2.52643843e+01 1.44099442e+01 -7.97755343e+00 -4.69907673e-02 3.68103571e-03
-4.63821444e+00 1.79975193e+01 1.08881572e+00 5.24848964e+00 -2.50925229e+01 1.44079981e+01 -7.96880470e+00 -4.69673054e-02 3.68661765e-03
-4.62211013e+00 1.79557383e+01 1.03315971e+00 5.15624806e+00 -2.49384310e+01 1.44180377e+01 -7.95939040e+00 -4.69436053e-02 3.69134126e-03
-4.60767352e+00 1.79218721e+01 9.67006558e-01 5.08160309e+00 -2.48094777e+01 1.44396521e+01 -7.94975680e+00 -4.69208450e-02 3.69499458e-03
-4.59558439e+00 1.78975045e+01 8.93512946e-01 5.02815919e+00 -2.47118824e+01 1.44718583e+01 -7.94036549e+00 -4.69001358e-02 3.69741449e-03
-4.58641445e+00 1.78837697e+01 8.16226246e-01 4.99851892e+00 -2.46503890e+01 1.45131423e+01 -7.93166971e+00 -4.68824613e-02 3.69849286e-03
-4.58059934e+00 1.78812997e+01 7.38897788e-01 4.99414224e+00 -2.46280108e+01 1.45615313e+01 -7.92409041e+00 -4.68686289e-02 3.69818064e-03
-4.57841692e+00 1.78901968e+01 6.65281702e-01 5.01526513e+00 -2.46458643e+01 1.46146942e+01 -7.91799385e+00 -4.68592347e-02 3.69648994e-03
-4.57997307e+00 1.79100305e+01 5.98933598e-01 5.06088334e+00 -2.47031050e+01 1.46700640e+01 -7.91367219e+00 -4.68546454e-02 3.69349394e-03
-4.58519600e+00 1.79398604e+01 5.43023366e-01 5.12880287e+00 -2.47969693e+01 1.47249727e+01 -7.91132848e+00 -4.68549949e-02 3.68932459e-03
-4.59383933e+00 1.79782822e+01 5.00174710e-01 5.21575391e+00 -2.49229197e+01 1.47767912e+01 -7.91106703e+00 -4.68601927e-02 3.68416799e-03
-4.60549412e+00 1.80234952e+01 4.72341087e-01 5.31756083e+00 -2.50748847e+01 1.48230630e+01 -7.91288962e+00 -4.68699425e-02 3.67825737e-03
-4.61960895e+00 1.80733878e+01 4.60723968e-01 5.42935721e+00 -2.52455756e+01 1.48616249e+01 -7.91669744e+00 -4.68837660e-02 3.67186358e-03
-4.63551698e+00 1.81256358e+01 4.65735313e-01 5.54583243e+00 -2.54268604e+01 1.48907079e+01 -7.92229829e+00 -4.69010289e-02 3.66528343e-03
-4.65246846e+00 1.81778100e+01 4.87002500e-01 5.66149489e+00 -2.56101715e+01 1.49090129e+01 -7.92941825e+00 -4.69209688e-02 3.65882619e-03
-4.66966691e+00 1.82274870e+01 5.23411037e-01 5.77093718e+00 -2.57869226e+01 1.49157608e+01 -7.93771659e+00 -4.69427218e-02 3.65279875e-03
-4.70392133e+00 1.83469065e+01 5.05557569e-01 5.96376263e+00 -2.61191245e+01 1.50118696e+01 -7.96173479e+00 -4.69502249e-02 3.63451529e-03
-4.72111081e+00 1.83896155e+01 5.73709821e-01 6.05550935e+00 -2.62750348e+01 1.49930091e+01 -7.97235227e+00 -4.69755230e-02 3.62963565e-03
-4.73599576e+00 1.84225948e+01 6.50971029e-01 6.12541626e+00 -2.63989715e+01 1.49622332e+01 -7.98287459e+00 -4.69996063e-02 3.62609419e-03
-4.74788728e+00 1.84442997e+01 7.33837339e-01 6.17035590e+00 -2.64853777e+01 1.49209944e+01 -7.99282512e+00 -4.70213854e-02 3.62406434e-03
-4.75623706e+00 1.84537029e+01 8.18589933e-01 6.18834681e+00 -2.65304232e+01 1.48711925e+01 -8.00175562e+00 -4.70398367e-02 3.62364506e-03
-4.76066172e+00 1.84503455e+01 9.01440614e-01 6.17862346e+00 -2.65321446e+01 1.48150901e+01 -8.00926416e+00 -4.70540513e-02 3.62485551e-03
-4.76095955e+00 1.84343623e+01 9.78677024e-01 6.14165722e+00 -2.64905094e+01 1.47552193e+01 -8.01501120e+00 -4.70632861e-02 3.62763416e-03
-4.75711913e+00 1.84064801e+01 1.04680645e+00 6.07913036e+00 -2.64074078e+01 1.46942785e+01 -8.01873341e+00 -4.70670133e-02 3.63184254e-03
-4.74931945e+00 1.83679881e+01 1.10269696e+00 5.99386559e+00 -2.62865742e+01 1.46350256e+01 -8.02025495e+00 -4.70649620e-02 3.63727326e-03
-4.73792164e+00 1.83206798e+01 1.14371349e+00 5.88971282e+00 -2.61334405e+01 1.45801655e+01 -8.01949593e+00 -4.70571490e-02 3.64366158e-03
-4.72345264e+00 1.82667704e+01 1.16784456e+00 5.77139511e+00 -2.59549230e+01 1.45322363e+01 -8.01647761e+00 -4.70438916e-02 3.65069981e-03
-4.70658155e+00 1.82087922e+01 1.17381328e+00 5.64431587e+00 -2.57591449e+01 1.44934968e+01 -8.01132390e+00 -4.70258024e-02 3.65805342e-03
-4.68808958e+00 1.81494733e+01 1.16116448e+00 5.51433082e+00 -2.55550992e+01 1.44658172e+01 -8.00425867e+00 -4.70037614e-02 3.66537769e-03
-4.66883486e+00 1.80916070e+01 1.13031877e+00 5.38749045e+00 -2.53522584e+01 1.44505821e+01 -7.99559848e+00 -4.69788693e-02 3.67233410e-03
-4.64971363e+00 1.80379171e+01 1.08258493e+00 5.26976192e+00 -2.51601440e+01 1.44486079e+01 -7.98574049e+00 -4.69523835e-02 3.67860543e-03
-4.63161911e+00 1.79909282e+01 1.02012382e+00 5.16674273e+00 -2.49878741e+01 1.44600856e+01 -7.97514541e+00 -4.69256419e-02 3.68390911e-03
-4.61540011e+00 1.79528447e+01 9.45860874e-01 5.08338089e+00 -2.48437106e+01 1.44845525e+01 -7.96431619e+00 -4.68999824e-02 3.68800842e-03
-4.60182089e+00 1.79254475e+01 8.63348381e-01 5.02371875e+00 -2.47346345e+01 1.45208999e+01 -7.95377312e+00 -4.68766637e-02 3.69072141e-03
-4.59152443e+00 1.79100107e+01 7.76584381e-01 4.99067702e+00 -2.46659740e+01 1.45674181e+01 -7.94402691e+00 -4.68567951e-02 3.69192756e-03
-4.58500079e+00 1.79072432e+01 6.89799379e-01 4.98589432e+00 -2.46411137e+01 1.46218787e+01 -7.93555138e+00 -4.68412813e-02 3.69157221e-03
-4.58256251e+00 1.79172575e+01 6.07225979e-01 5.00963400e+00 -2.46613050e+01 1.46816490e+01 -7.92875783e+00 -4.68307837e-02 3.68966878e-03
-4.58432848e+00 1.79395672e+01 5.32868401e-01 5.06076529e+00 -2.47255919e+01 1.47438318e+01 -7.92397290e+00 -4.68257018e-02 3.68629884e-03
-4.59021734e+00 1.79731126e+01 4.70288809e-01 5.13682066e+00 -2.48308588e+01 1.48054202e+01 -7.92142161e+00 -4.68261717e-02 3.68160967e-03
-4.59995104e+00 1.80163133e+01 4.22425318e-01 5.23412551e+00 -2.49719968e+01 1.48634566e+01 -7.92121665e+00 -4.68320784e-02 3.67580937e-03
-4.61306843e+00 1.80671442e+01 3.91452912e-01 5.34799148e+00 -2.51421768e+01 1.49151850e+01 -7.92335448e+00 -4.68430792e-02 3.66915923e-03
-4.62894804e+00 1.81232317e+01 3.78693876e-01 5.47296050e+00 -2.53332108e+01 1.49581875e+01 -7.92771808e+00 -4.68586319e-02 3.66196326e-03
-4.64683876e+00 1.81819644e+01 3.84579484e-01 5.60308392e+00 -2.55359756e+01 1.49904958e+01 -7.93408567e+00 -4.68780251e-02 3.65455527e-03
-4.66589670e+00 1.82406136e+01 4.08660303e-01 5.73221955e+00 -2.57408750e+01 1.50106757e+01 -7.94214438e+00 -4.69004087e-02 3.64728367e-03
-4.68522595e+00 1.82964580e+01 4.49659009e-01 5.85432943e+00 -2.59383084e+01 1.50178798e+01 -7.95150762e+00 -4.69248225e-02 3.64049475e-03
-4.72135486e+00 1.84187587e+01 4.47717154e-01 6.04540205e+00 -2.62748033e+01 1.51063118e+01 -7.97871961e+00 -4.69336169e-02 3.62168762e-03
-4.73962984e+00 1.84642211e+01 5.20063277e-01 6.14212411e+00 -2.64393785e+01 1.50859550e+01 -7.99001111e+00 -4.69605462e-02 3.61648899e-03
-4.75544867e+00 1.84993339e+01 6.02007617e-01 6.21574951e+00 -2.65700914e+01 1.50530019e+01 -8.00117939e+00 -4.69861952e-02 3.61271832e-03
-4.76807957e+00 1.85224516e+01 6.89840975e-01 6.26299584e+00 -2.66610995e+01 1.50090089e+01 -8.01171942e+00 -4.70094050e-02 3.61056076e-03
-4.77694051e+00 1.85324789e+01 7.79632174e-01 6.28179030e+00 -2.67083858e+01 1.49560013e+01 -8.02115742e+00 -4.70290838e-02 3.61012176e-03
-4.78162496e+00 1.85289244e+01 8.67379982e-01 6.27134067e+00 -2.67099018e+01 1.48963842e+01 -8.02906965e+00 -4.70442591e-02 3.61142133e-03
-4.78191963e+00 1.85119289e+01 9.49164196e-01 6.23215538e+00 -2.66656322e+01 1.48328423e+01 -8.03509919e+00 -4.70541328e-02 3.61439317e-03
-4.77781353e+00 1.84822636e+01 1.02129527e+00 6.16601505e+00 -2.65775842e+01 1.47682333e+01 -8.03897027e+00 -4.70581352e-02 3.61888867e-03
-4.76949803e+00 1.84412991e+01 1.08046169e+00 6.07589830e+00 -2.64497042e+01 1.47054745e+01 -8.04050003e+00 -4.70559710e-02 3.62468565e-03
-4.75735805e+00 1.83909440e+01 1.12387295e+00 5.96586371e+00 -2.62877252e+01 1.46474260e+01 -8.03960727e+00 -4.70476525e-02 3.63150085e-03
-4.74195462e+00 1.83335571e+01 1.14939388e+00 5.84088950e+00 -2.60989445e+01 1.45967710e+01 -8.03631786e+00 -4.70335157e-02 3.63900546e-03
-4.72399972e+00 1.82718352e+01 1.15566358e+00 5.70667263e+00 -2.58919352e+01 1.45558972e+01 -8.03076629e+00 -4.70142135e-02 3.64684243e-03
-4.70432437e+00 1.82086844e+01 1.14218990e+00 5.56939048e+00 -2.56761934e+01 1.45267819e+01 -8.02319288e+00 -4.69906875e-02 3.65464431e-03
-4.68384128e+00 1.81470799e+01 1.10940961e+00 5.43543055e+00 -2.54617286e+01 1.45108880e+01 -8.01393616e+00 -4.69641169e-02 3.66205077e-03
-4.66350356e+00 1.80899229e+01 1.05870419e+00 5.31109735e+00 -2.52586100e+01 1.45090762e+01 -8.00342003e+00 -4.69358491e-02 3.66872459e-03
-4.64426116e+00 1.80399016e+01 9.92363784e-01 5.20230928e+00 -2.50764874e+01 1.45215427e+01 -7.99213581e+00 -4.69073177e-02 3.67436576e-03
-4.62701678e+00 1.79993630e+01 9.13495417e-01 5.11430144e+00 -2.49241107e+01 1.45477883e+01 -7.98061948e+00 -4.68799549e-02 3.67872328e-03
-4.61258329e+00 1.79702024e+01 8.25876805e-01 5.05135266e+00 -2.48088762e+01 1.45866262e+01 -7.96942513e+00 -4.68551059e-02 3.68160438e-03
-4.60164452e+00 1.79537749e+01 7.33762760e-01 5.01655489e+00 -2.47364302e+01 1.46362293e+01 -7.95909610e+00 -4.68339536e-02 3.68288150e-03
-4.59472163e+00 1.79508338e+01 6.41656484e-01 5.01164154e+00 -2.47103578e+01 1.46942184e+01 -7.95013580e+00 -4.68174591e-02 3.68249686e-03
-4.59214675e+00 1.79614973e+01 5.54062191e-01 5.03688769e+00 -2.47319792e+01 1.47577848e+01 -7.94298012e+00 -4.68063215e-02 3.68046484e-03
-4.59404576e+00 1.79852461e+01 4.75237663e-01 5.09108983e+00 -2.48002707e+01 1.48238408e+01 -7.93797385e+00 -4.68009584e-02 3.67687201e-03
-4.60033126e+00 1.80209512e+01 4.08965256e-01 5.17162716e+00 -2.49119157e+01 1.48891855e+01 -7.93535261e+00 -4.68015063e-02 3.67187473e-03
-4.61070636e+00 1.80669297e+01 3.58357586e-01 5.27460024e+00 -2.50614833e+01 1.49506759e+01 -7.93523161e+00 -4.68078353e-02 3.66569408e-03
-4.62467918e+00 1.81210260e+01 3.25710052e-01 5.39503760e+00 -2.52417205e+01 1.50053888e+01 -7.93760179e+00 -4.68195748e-02 3.65860783e-03
-4.64158728e+00 1.81807146e+01 3.12407189e-01 5.52715617e+00 -2.54439387e+01 1.50507665e+01 -7.94233316e+00 -4.68361453e-02 3.65093953e-03
-4.66063046e+00 1.82432173e+01 3.18884454e-01 5.66465875e+00 -2.56584667e+01 1.50847349e+01 -7.94918456e+00 -4.68567905e-02 3.64304477e-03
-4.68091005e+00 1.83056322e+01 3.44642241e-01 5.80104982e+00 -2.58751420e+01 1.51057918e+01 -7.95781862e+00 -4.68806092e-02 3.63529499e-03
-4.70147251e+00 1.83650646e+01 3.88305124e-01 5.92995144e+00 -2.60838100e+01 1.51130605e+01 -7.96782059e+00 -4.69065854e-02 3.62805964e-03
-4.73777431e+00 1.84845042e+01 4.02281499e-01 6.11036380e+00 -2.64088542e+01 1.51897168e+01 -7.99693109e+00 -4.69163289e-02 3.60962221e-03
-4.75628381e+00 1.85306069e+01 4.75449356e-01 6.20751594e+00 -2.65743777e+01 1.51688027e+01 -8.00837403e+00 -4.69436655e-02 3.60435019e-03
-4.77230033e+00 1.85662183e+01 5.58274849e-01 6.28140691e+00 -2.67057502e+01 1.51351905e+01 -8.01967087e+00 -4.69697026e-02 3.60052891e-03
-4.78508291e+00 1.85896692e+01 6.47010267e-01 6.32874657e+00 -2.67971055e+01 1.50904681e+01 -8.03031083e+00 -4.69932638e-02 3.59834610e-03
-4.79404250e+00 1.85998477e+01 7.37686447e-01 6.34746200e+00 -2.68444173e+01 1.50366948e+01 -8.03981580e+00 -4.70132398e-02 3.59790848e-03
-4.79876802e+00 1.85962544e+01 8.26265727e-01 6.33676779e+00 -2.68456413e+01 1.49763101e+01 -8.04775928e+00 -4.70286426e-02 3.59923600e-03
-4.79904433e+00 1.85790308e+01 9.08793822e-01 6.29718504e+00 -2.68007782e+01 1.49120325e+01 -8.05378321e+00 -4.70386615e-02 3.60226089e-03
-4.79486134e+00 1.85489580e+01 9.81550157e-01 6.23051218e+00 -2.67118624e+01 1.48467516e+01 -8.05761234e+00 -4.70427176e-02 3.60683183e-03
-4.78641403e+00 1.85074251e+01 1.04119598e+00 6.13974995e+00 -2.65828769e+01 1.47834135e+01 -8.05906585e+00 -4.70405111e-02 3.61272282e-03
-4.77409350e+00 1.84563677e+01 1.08491824e+00 6.02898294e+00 -2.64196003e+01 1.47249034e+01 -8.05806605e+00 -4.70320551e-02 3.61964589e-03
-4.75846917e+00 1.83981777e+01 1.11056495e+00 5.90321880e+00 -2.62293831e+01 1.46739249e+01 -8.05464359e+00 -4.70176913e-02 3.62726697e-03
-4.74026331e+00 1.83355904e+01 1.11676532e+00 5.76818695e+00 -2.60208583e+01 1.46328807e+01 -8.04893885e+00 -4.69980839e-02 3.63522338e-03
-4.72031858e+00 1.82715534e+01 1.10302551e+00 5.63009954e+00 -2.58035873e+01 1.46037573e+01 -8.04119889e+00 -4.69741899e-02 3.64314210e-03
-4.69956018e+00 1.82090843e+01 1.06978969e+00 5.49538023e+00 -2.55876478e+01 1.45880200e+01 -8.03176964e+00 -4.69472077e-02 3.65065743e-03
-4.67895400e+00 1.81511254e+01 1.01845655e+00 5.37036956e+00 -2.53831785e+01 1.45865248e+01 -8.02108278e+00 -4.69185062e-02 3.65742730e-03
-4.65946249e+00 1.81004028e+01 9.51343142e-01 5.26102009e+00 -2.51998954e+01 1.45994558e+01 -8.00963747e+00 -4.68895414e-02 3.66314753e-03
-4.64199997e+00 1.80592962e+01 8.71592340e-01 5.17259707e+00 -2.50466086e+01 1.46262944e+01 -7.99797727e+00 -4.68617675e-02 3.66756372e-03
-4.62738957e+00 1.80297271e+01 7.83025005e-01 5.10940333e+00 -2.49307639e+01 1.46658273e+01 -7.98666321e+00 -4.68365497e-02 3.67048062e-03
-4.61632349e+00 1.80130692e+01 6.89944008e-01 5.07454666e+00 -2.48580436e+01 1.47161952e+01 -7.97624461e+00 -4.68150880e-02 3.67176917e-03
-4.60932894e+00 1.80100855e+01 5.96902580e-01 5.06976669e+00 -2.48320513e+01 1.47749820e+01 -7.96722947e+00 -4.67983569e-02 3.67137110e-03
-4.60674156e+00 1.80208954e+01 5.08453689e-01 5.09533410e+00 -2.48541070e+01 1.48393399e+01 -7.96005667e+00 -4.67870645e-02 3.66930129e-03
-4.60868790e+00 1.80449721e+01 4.28899377e-01 5.15003038e+00 -2.49231673e+01 1.49061414e+01 -7.95507209e+00 -4.67816335e-02 3.66564789e-03
-4.61507839e+00 1.80811707e+01 3.62058916e-01 5.23120975e+00 -2.50358773e+01 1.49721484e+01 -7.95251046e+00 -4.67822013e-02 3.66056979e-03
-4.62561122e+00 1.81277849e+01 3.11072260e-01 5.33493942e+00 -2.51867513e+01 1.50341844e+01 -7.95248416e+00 -4.67886350e-02 3.65429153e-03
-4.63978705e+00 1.81826297e+01 2.78251178e-01 5.45620826e+00 -2.53684686e+01 1.50892995e+01 -7.95497951e+00 -4.68005583e-02 3.64709518e-03
-4.65693386e+00 1.82431448e+01 2.64985092e-01 5.58918993e+00 -2.55722643e+01 1.51349167e+01 -7.95986035e+00 -4.68173829e-02 3.63930928e-03
-4.67624015e+00 1.83065146e+01 2.71703251e-01 5.72754307e+00 -2.57883871e+01 1.51689515e+01 -7.96687813e+00 -4.68383417e-02 3.63129483e-03
-4.69679486e+00 1.83697970e+01 2.97889839e-01 5.86472992e+00 -2.60065955e+01 1.51899000e+01 -7.97568732e+00 -4.68625207e-02 3.62342894e-03
-4.71763152e+00 1.84300582e+01 3.42144882e-01 5.99433457e+00 -2.62166616e+01 1.51968930e+01 -7.98586472e+00 -4.68888891e-02 3.61608668e-03
-4.75239118e+00 1.85410175e+01 3.71240506e-01 6.15584110e+00 -2.65152243e+01 1.52582787e+01 -8.01546216e+00 -4.68991655e-02 3.59889877e-03
-4.77027081e+00 1.85856033e+01 4.41824658e-01 6.24895853e+00 -2.66740762e+01 1.52378168e+01 -8.02652441e+00 -4.69256544e-02 3.59380415e-03
-4.78573818e+00 1.86200435e+01 5.21701803e-01 6.31973573e+00 -2.68000869e+01 1.52051317e+01 -8.03742697e+00 -4.69508725e-02 3.59011414e-03
-4.79807736e+00 1.86427235e+01 6.07253364e-01 6.36501754e+00 -2.68876227e+01 1.51617675e+01 -8.04767616e+00 -4.69736781e-02 3.58800972e-03
-4.80671934e+00 1.86525682e+01 6.94646785e-01 6.38281840e+00 -2.69328202e+01 1.51097223e+01 -8.05681074e+00 -4.69929973e-02 3.58759363e-03
-4.81126727e+00 1.86490950e+01 7.79984290e-01 6.37239018e+00 -2.69337232e+01 1.50513604e+01 -8.06442029e+00 -4.70078763e-02 3.58888482e-03
-4.81151388e+00 1.86324412e+01 8.59450685e-01 6.33424066e+00 -2.68903445e+01 1.49893130e+01 -8.07016148e+00 -4.70175350e-02 3.59181759e-03
-4.80745025e+00 1.86033629e+01 9.29459479e-01 6.27010513e+00 -2.68046538e+01 1.49263736e+01 -8.07377191e+00 -4.70214192e-02 3.59624560e-03
-4.79926588e+00 1.85632039e+01 9.86796430e-01 6.18287375e+00 -2.66804958e+01 1.48653861e+01 -8.07508122e+00 -4.70192452e-02 3.60195035e-03
-4.78733988e+00 1.85138360e+01 1.02875838e+00 6.07647668e+00 -2.65234404e+01 1.48091308e+01 -8.07401925e+00 -4.70110314e-02 3.60865343e-03
-4.77222379e+00 1.84575723e+01 1.05328321e+00 5.95572851e+00 -2.63405663e+01 1.47602079e+01 -8.07062078e+00 -4.69971125e-02 3.61603178e-03
-4.75461676e+00 1.83970574e+01 1.05906440e+00 5.82613381e+00 -2.61401803e+01 1.47209224e+01 -8.06502650e+00 -4.69781330e-02 3.62373452e-03
-4.73533415e+00 1.83351408e+01 1.04564159e+00 5.69365670e+00 -2.59314751e+01 1.46931735e+01 -8.05747974e+00 -4.69550184e-02 3.63140058e-03
-4.71527077e+00 1.82747399e+01 1.01345754e+00 5.56446000e+00 -2.57241326e+01 1.46783547e+01 -8.04831848e+00 -4.69289250e-02 3.63867577e-03
-4.69536041e+00 1.82186990e+01 9.63872088e-01 5.44462265e+00 -2.55278855e+01 1.46772706e+01 -8.03796248e+00 -4.69011728e-02 3.64522863e-03
-4.67653302e+00 1.81696536e+01 8.99125923e-01 5.33984767e+00 -2.53520544e+01 1.46900780e+01 -8.02689537e+00 -4.68731650e-02 3.65076427e-03
-4.65967165e+00 1.81299043e+01 8.22250512e-01 5.25517613e+00 -2.52050841e+01 1.47162584e+01 -8.01564232e+00 -4.68463033e-02 3.65503601e-03
-4.64557076e+00 1.81013089e+01 7.36925630e-01 5.19472440e+00 -2.50941067e+01 1.47546266e+01 -8.00474410e+00 -4.68219051e-02 3.65785459e-03
-4.63489798e+00 1.80851958e+01 6.47291237e-01 5.16146242e+00 -2.50245593e+01 1.48033790e+01 -7.99472906e+00 -4.68011300e-02 3.65909502e-03
-4.62816135e+00 1.80823029e+01 5.57725589e-01 5.15704869e+00 -2.49998846e+01 1.48601797e+01 -7.98608478e+00 -4.67849218e-02 3.65870114e-03
-4.62568373e+00 1.80927465e+01 4.72605418e-01 5.18173445e+00 -2.50213350e+01 1.49222812e+01 -7.97923157e+00 -4.67739692e-02 3.65668789e-03
-4.62758612e+00 1.81160180e+01 3.96066085e-01 5.23434464e+00 -2.50878972e+01 1.49866699e+01 -7.97449970e+00 -4.67686865e-02 3.65314135e-03
-4.63378089e+00 1.81510112e+01 3.31779569e-01 5.31233733e+00 -2.51963425e+01 1.50502284e+01 -7.97211208e+00 -4.67692125e-02 3.64821627e-03
-4.64397567e+00 1.81960773e+01 2.82765945e-01 5.41193792e+00 -2.53413992e+01 1.51099007e+01 -7.97217363e+00 -4.67754244e-02 3.64213090e-03
-4.65768750e+00 1.82491044e+01 2.51250122e-01 5.52833875e+00 -2.55160366e+01 1.51628504e+01 -7.97466773e+00 -4.67869621e-02 3.63515909e-03
-4.67426683e+00 1.83076174e+01 2.38570699e-01 5.65595092e+00 -2.57118381e+01 1.52066013e+01 -7.97945978e+00 -4.68032580e-02 3.62761940e-03
-4.69292948e+00 1.83688938e+01 2.45142581e-01 5.78869162e+00 -2.59194402e+01 1.52391522e+01 -7.98630687e+00 -4.68235690e-02 3.61986154e-03
-4.71279517e+00 1.84300887e+01 2.70470351e-01 5.92028939e+00 -2.61290081e+01 1.52590622e+01 -7.99487267e+00 -4.68470068e-02 3.61225045e-03
-4.73293004e+00 1.84883641e+01 3.13205762e-01 6.04458919e+00 -2.63307185e+01 1.52655030e+01 -8.00474607e+00 -4.68725685e-02 3.60514881e-03
-4.76450260e+00 1.85856155e+01 3.55882285e-01 6.17995134e+00 -2.65891463e+01 1.53088706e+01 -8.03337790e+00 -4.68828967e-02 3.59003188e-03
-4.78091459e+00 1.86265841e+01 4.20599102e-01 6.26483894e+00 -2.67341291e+01 1.52898854e+01 -8.04354191e+00 -4.69073043e-02 3.58535774e-03
-4.79510967e+00 1.86582275e+01 4.93838241e-01 6.32933514e+00 -2.68491021e+01 1.52597044e+01 -8.05354493e+00 -4.69305196e-02 3.58197478e-03
-4.80643013e+00 1.86790620e+01 5.72272984e-01 6.37055448e+00 -2.69289075e+01 1.52197524e+01 -8.06293272e+00 -4.69514884e-02 3.58004828e-03
-4.81435327e+00 1.86881008e+01 6.52377036e-01 6.38668091e+00 -2.69700073e+01 1.51718728e+01 -8.07128141e+00 -4.69692234e-02 3.57967198e-03
-4.81851468e+00 1.86849024e+01 7.30563752e-01 6.37703156e+00 -2.69706125e+01 1.51182462e+01 -8.07821469e+00 -4.69828527e-02 3.58086304e-03
-4.81872428e+00 1.86695952e+01 8.03324771e-01 6.34207484e+00 -2.69307416e+01 1.50612981e+01 -8.08341892e+00 -4.69916680e-02 3.58356125e-03
-4.81497449e+00 1.86428758e+01 8.67366861e-01 6.28340462e+00 -2.68522099e+01 1.50036006e+01 -8.08665589e+00 -4.69951711e-02 3.58763268e-03
-4.80744024e+00 1.86059802e+01 9.19745551e-01 6.20367285e+00 -2.67385535e+01 1.49477684e+01 -8.08777303e+00 -4.69931126e-02 3.59287729e-03
-4.79647083e+00 1.85606287e+01 9.57993181e-01 6.10648261e+00 -2.65948885e+01 1.48963520e+01 -8.08671063e+00 -4.69855191e-02 3.59904006e-03
-4.78257409e+00 1.85089459e+01 9.80237285e-01 5.99624330e+00 -2.64277097e+01 1.48517301e+01 -8.08350594e+00 -4.69727049e-02 3.60582472e-03
-4.76639341e+00 1.84533603e+01 9.85303412e-01 5.87799019e+00 -2.62446283e+01 1.48160037e+01 -8.07829352e+00 -4.69552642e-02 3.61290913e-03
-4.74867879e+00 1.83964880e+01 9.72794846e-01 5.75717173e+00 -2.60540553e+01 1.47908955e+01 -8.07130182e+00 -4.69340449e-02 3.61996128e-03
-4.73025288e+00 1.83410073e+01 9.43140922e-01 5.63940999e+00 -2.58648363e+01 1.47776597e+01 -8.06284528e+00 -4.69101031e-02 3.62665505e-03
-4.71197364e+00 1.82895296e+01 8.97606093e-01 5.53024260e+00 -2.56858495e+01 1.47770089e+01 -8.05331206e+00 -4.68846418e-02 3.63268477e-03
-4.69469496e+00 1.82444746e+01 8.38253785e-01 5.43485746e+00 -2.55255849e+01 1.47890625e+01 -8.04314738e+00 -4.68589402e-02 3.63777817e-03
-4.67922703e+00 1.82079555e+01 7.67862309e-01 5.35783395e+00 -2.53917238e+01 1.48133245e+01 -8.03283289e+00 -4.68342768e-02 3.64170731e-03
-4.66629811e+00 1.81816789e+01 6.89794389e-01 5.30290622e+00 -2.52907441e+01 1.48486933e+01 -8.02286304e+00 -4.68118558e-02 3.64429726e-03
-4.65651963e+00 1.81668656e+01 6.07826494e-01 5.27276384e+00 -2.52275768e+01 1.48935075e+01 -8.01371964e+00 -4.67927407e-02 3.64543261e-03
-4.65035624e+00 1.81641950e+01 5.25948534e-01 5.26890395e+00 -2.52053371e+01 1.49456249e+01 -8.00584633e+00 -4.67778017e-02 3.64506182e-03
-4.64810263e+00 1.81737753e+01 4.48147847e-01 5.29154568e+00 -2.52251489e+01 1.50025320e+01 -7.99962478e+00 -4.67676791e-02 3.64319932e-03
-4.64986844e+00 1.81951411e+01 3.78193164e-01 5.33961348e+00 -2.52860784e+01 1.50614760e+01 -7.99535416e+00 -4.67627641e-02 3.63992545e-03
-4.65557223e+00 1.82272783e+01 3.19434243e-01 5.41079108e+00 -2.53851790e+01 1.51196112e+01 -7.99323566e+00 -4.67631960e-02 3.63538395e-03
-4.66494506e+00 1.82686736e+01 2.74630977e-01 5.50164260e+00 -2.55176483e+01 1.51741481e+01 -7.99336283e+00 -4.67688726e-02 3.62977709e-03
-4.67754354e+00 1.83173878e+01 2.45822489e-01 5.60779275e+00 -2.56770826e+01 1.52224975e+01 -7.99571836e+00 -4.67794707e-02 3.62335802e-03
-4.69277163e+00 1.83711474e+01 2.34242494e-01 5.72415430e+00 -2.58558152e+01 1.52623978e+01 -8.00017711e+00 -4.67944714e-02 3.61642064e-03
-4.70990990e+00 1.84274504e+01 2.40282749e-01 5.84518804e+00 -2.60453128e+01 1.52920203e+01 -8.00651483e+00 -4.68131895e-02 3.60928690e-03
-4.72815062e+00 1.84836816e+01 2.63502310e-01 5.96517952e+00 -2.62366064e+01 1.53100477e+01 -8.01442159e+00 -4.68348015e-02 3.60229223e-03
-4.74663673e+00 1.85372317e+01 3.02677102e-01 6.07851634e+00 -2.64207305e+01 1.53157233e+01 -8.02351868e+00 -4.68583749e-02 3.59576939e-03
-4.77352788e+00 1.86161909e+01 3.56763485e-01 6.18177843e+00 -2.66273227e+01 1.53391747e+01 -8.04977215e+00 -4.68682288e-02 3.58344437e-03
-4.78770052e+00 1.86516003e+01 4.12600421e-01 6.25467208e+00 -2.67519470e+01 1.53226437e+01 -8.05855894e+00 -4.68893971e-02 3.57941346e-03
-4.79995746e+00 1.86789444e+01 4.75812188e-01 6.31004824e+00 -2.68507683e+01 1.52964510e+01 -8.06719716e+00 -4.69095049e-02 3.57649811e-03
-4.80973005e+00 1.86969417e+01 5.43515970e-01 6.34541496e+00 -2.69193286e+01 1.52618317e+01 -8.07529289e+00 -4.69276350e-02 3.57483994e-03
-4.81656622e+00 1.87047410e+01 6.12651326e-01 6.35920160e+00 -2.69545668e+01 1.52203863e+01 -8.08247884e+00 -4.69429345e-02 3.57451922e-03
-4.82015085e+00 1.87019635e+01 6.80104105e-01 6.35081661e+00 -2.69549340e+01 1.51740092e+01 -8.08842951e+00 -4.69546561e-02 3.57555059e-03
-4.82031970e+00 1.86887234e+01 7.42830346e-01 6.32066491e+00 -2.69204482e+01 1.51248081e+01 -8.09287452e+00 -4.69621988e-02 3.57788245e-03
-4.81706654e+00 1.86656254e+01 7.97978311e-01 6.27012612e+00 -2.68526854e+01 1.50750158e+01 -8.09560992e+00 -4.69651460e-02 3.58139993e-03
-4.81054319e+00 1.86337397e+01 8.43006673e-01 6.20149542e+00 -2.67547131e+01 1.50268988e+01 -8.09650690e+00 -4.69632963e-02 3.58593138e-03
-4.80105245e+00 1.85945536e+01 8.75796203e-01 6.11788884e+00 -2.66309650e+01 1.49826622e+01 -8.09551800e+00 -4.69566846e-02 3.59125760e-03
-4.78903430e+00 1.85499025e+01 8.94751135e-01 6.02311519e+00 -2.64870615e+01 1.49443557e+01 -8.09268019e+00 -4.69455900e-02 3.59712354e-03
-4.77504597e+00 1.85018829e+01 8.98885176e-01 5.92151697e+00 -2.63295781e+01 1.49137811e+01 -8.08811485e+00 -4.69305280e-02 3.60325128e-03
-4.75973663e+00 1.84527531e+01 8.87886088e-01 5.81778425e+00 -2.61657667e+01 1.48924068e+01 -8.08202409e+00 -4.69122274e-02 3.60935378e-03
-4.74381799e+00 1.84048246e+01 8.62152419e-01 5.71674668e+00 -2.60032375e+01 1.48812917e+01 -8.07468349e+00 -4.68915915e-02 3.61514840e-03
-4.72803174e+00 1.83603516e+01 8.22796515e-01 5.62315140e+00 -2.58496125e+01 1.48810249e+01 -8.06643089e+00 -4.68696474e-02 3.62036966e-03
-4.71311547e+00 1.83214233e+01 7.71609574e-01 5.54143645e+00 -2.57121643e+01 1.48916849e+01 -8.05765177e+00 -4.68474869e-02 3.62478060e-03
-4.69976832e+00 1.82898647e+01 7.10987113e-01 5.47551138e+00 -2.55974588e+01 1.49128233e+01 -8.04876131e+00 -4.68262030e-02 3.62818255e-03
-4.68861809e+00 1.82671507e+01 6.43816572e-01 5.42855769e+00 -2.55110227e+01 1.49434764e+01 -8.04018418e+00 -4.68068281e-02 3.63042295e-03
-4.68019119e+00 1.82543373e+01 5.73332374e-01 5.40286164e+00 -2.54570539e+01 1.49822056e+01 -8.03233294e+00 -4.67902792e-02 3.63140129e-03
-4.67488706e+00 1.82520133e+01 5.02947124e-01 5.39969079e+00 -2.54381969e+01 1.50271656e+01 -8.02558661e+00 -4.67773120e-02 3.63107296e-03
-4.67295847e+00 1.82602746e+01 4.36070190e-01 5.41922289e+00 -2.54553971e+01 1.50761976e+01 -8.02027065e+00 -4.67684896e-02 3.62945117e-03
-4.67449870e+00 1.82787217e+01 3.75926278e-01 5.46053263e+00 -2.55078454e+01 1.51269408e+01 -8.01663978e+00 -4.67641635e-02 3.62660674e-03
-4.67943657e+00 1.83064806e+01 3.25386644e-01 5.52163748e+00 -2.55930172e+01 1.51769558e+01 -8.01486498e+00 -4.67644690e-02 3.62266575e-03
-4.68753956e+00 1.83422456e+01 2.86824119e-01 5.59959983e+00 -2.57068043e+01 1.52238511e+01 -8.01502526e+00 -4.67693313e-02 3.61780496e-03
-4.69842510e+00 1.83843419e+01 2.62000652e-01 5.69067905e+00 -2.58437297e+01 1.52654042e+01 -8.01710480e+00 -4.67784803e-02 3.61224495e-03
-4.71157911e+00 1.84308049e+01 2.51992785e-01 5.79052350e+00 -2.59972326e+01 1.52996711e+01 -8.02099531e+00 -4.67914713e-02 3.60624101e-03
-4.72638113e+00 1.84794711e+01 2.57156994e-01 5.89439077e+00 -2.61600035e+01 1.53250766e+01 -8.02650320e+00 -4.68077090e-02 3.60007207e-03
-4.74213436e+00 1.85280782e+01 2.77133555e-01 5.99738270e+00 -2.63243500e+01 1.53404831e+01 -8.03336079e+00 -4.68264728e-02 3.59402794e-03
-4.75809910e+00 1.85743683e+01 3.10885008e-01 6.09468209e+00 -2.64825716e+01 1.53452345e+01 -8.04124067e+00 -4.68469430e-02 3.58839547e-03
-4.77903852e+00 1.86313154e+01 3.73712955e-01 6.16137667e+00 -2.66280506e+01 1.53477831e+01 -8.06382267e+00 -4.68557813e-02 3.57944594e-03
-4.79030286e+00 1.86594770e+01 4.18065673e-01 6.21907590e+00 -2.67267765e+01 1.53345719e+01 -8.07081466e+00 -4.68726832e-02 3.57624908e-03
-4.80004451e+00 1.86812180e+01 4.68309116e-01 6.26291554e+00 -2.68050751e+01 1.53136754e+01 -8.07768363e+00 -4.68887120e-02 3.57393846e-03
-4.80781075e+00 1.86955199e+01 5.22140002e-01 6.29090726e+00 -2.68593883e+01 1.52860771e+01 -8.08411471e+00 -4.69031325e-02 3.57262548e-03
-4.81324153e+00 1.87017077e+01 5.77107826e-01 6.30179464e+00 -2.68872675e+01 1.52530561e+01 -8.08981430e+00 -4.69152671e-02 3.57237324e-03
-4.81608577e+00 1.86994832e+01 6.30717271e-01 6.29510204e+00 -2.68874718e+01 1.52161290e+01 -8.09452256e+00 -4.69245283e-02 3.57319331e-03
-4.81621264e+00 1.86889407e+01 6.80531143e-01 6.27115042e+00 -2.68600135e+01 1.51769837e+01 -8.09802433e+00 -4.69304496e-02 3.57504519e-03
-4.81361727e+00 1.86705640e+01 7.24271499e-01 6.23104064e+00 -2.68061537e+01 1.51374080e+01 -8.10015834e+00 -4.69327138e-02 3.57783859e-03
-4.80842083e+00 1.86452063e+01 7.59916611e-01 6.17660536e+00 -2.67283470e+01 1.50992135e+01 -8.10082423e+00 -4.69311750e-02 3.58143836e-03
-4.80086490e+00 1.86140509e+01 7.85791029e-01 6.11033138e+00 -2.66301388e+01 1.50641579e+01 -8.09998738e+00 -4.69258728e-02 3.58567155e-03
-4.79130037e+00 1.85785565e+01 8.00645408e-01 6.03525428e+00 -2.65160168e+01 1.50338688e+01 -8.09768106e+00 -4.69170362e-02 3.59033646e-03
-4.78017147e+00 1.85403882e+01 8.03722130e-01 5.95482847e+00 -2.63912206e+01 1.50097691e+01 -8.09400600e+00 -4.69050767e-02 3.59521270e-03
-4.76799550e+00 1.85013390e+01 7.94802381e-01 5.87277627e+00 -2.62615148e+01 1.49930101e+01 -8.08912690e+00 -4.68905689e-02 3.60007194e-03
-4.75533922e+00 1.84632438e+01 7.74230309e-01 5.79292096e+00 -2.61329330e+01 1.49844128e+01 -8.08326612e+00 -4.68742216e-02 3.60468871e-03
-4.74279279e+00 1.84278923e+01 7.42910541e-01 5.71901048e+00 -2.60115009e+01 1.49844227e+01 -8.07669433e+00 -4.68568383e-02 3.60885056e-03
-4.73094255e+00 1.83969439e+01 7.02276598e-01 5.65453934e+00 -2.59029525e+01 1.49930808e+01 -8.06971859e+00 -4.68392731e-02 3.61236742e-03
-4.72034370e+00 1.83718488e+01 6.54229675e-01 5.60257790e+00 -2.58124509e+01 1.50100136e+01 -8.06266799e+00 -4.68223829e-02 3.61507960e-03
-4.71149413e+00 1.83537798e+01 6.01049510e-01 5.56561828e+00 -2.57443306e+01 1.50344450e+01 -8.05587781e+00 -4.68069808e-02 3.61686438e-03
-4.70481077e+00 1.83435779e+01 5.45281587e-01 5.54544621e+00 -2.57018756e+01 1.50652296e+01 -8.04967273e+00 -4.67937933e-02 3.61764095e-03
-4.70060947e+00 1.83417134e+01 4.89607100e-01 5.54304704e+00 -2.56871481e+01 1.51009064e+01 -8.04435034e+00 -4.67834258e-02 3.61737374e-03
-4.69908960e+00 1.83482651e+01 4.36703863e-01 5.55855203e+00 -2.57008774e+01 1.51397720e+01 -8.04016576e+00 -4.67763355e-02 3.61607389e-03
-4.70032415e+00 1.83629182e+01 3.89107253e-01 5.59122897e+00 -2.57424189e+01 1.51799662e+01 -8.03731855e+00 -4.67728158e-02 3.61379905e-03
-4.70425590e+00 1.83849800e+01 3.49080270e-01 5.63951789e+00 -2.58097850e+01 1.52195678e+01 -8.03594265e+00 -4.67729891e-02 3.61065124e-03
-4.71070004e+00 1.84134143e+01 3.18500901e-01 5.70110999e+00 -2.58997465e+01 1.52566913e+01 -8.03609997e+00 -4.67768095e-02 3.60677290e-03
-4.71935297e+00 1.84468903e+01 2.98773270e-01 5.77306486e+00 -2.60079978e+01 1.52895821e+01 -8.03777800e+00 -4.67840716e-02 3.60234115e-03
-4.72980696e+00 1.84838451e+01 2.90766856e-01 5.85195894e+00 -2.61293768e+01 1.53167010e+01 -8.04089136e+00 -4.67944255e-02 3.59756024e-03
-4.74156987e+00 1.85225569e+01 2.94785689e-01 5.93405626e+00 -2.62581242e+01 1.53367971e+01 -8.04528716e+00 -4.68073946e-02 3.59265257e-03
-4.75408875e+00 1.85612240e+01 3.10567100e-01 6.01549169e+00 -2.63881682e+01 1.53489622e+01 -8.05075343e+00 -4.68223968e-02 3.58784844e-03
-4.76677627e+00 1.85980479e+01 3.37307710e-01 6.09245647e+00 -2.65134181e+01 1.53526680e+01 -8.05703026e+00 -4.68387670e-02 3.58337517e-03
-4.78077945e+00 1.86303064e+01 4.05863166e-01 6.11974325e+00 -2.65912881e+01 1.53342625e+01 -8.07483994e+00 -4.68460698e-02 3.57821822e-03
-4.78860167e+00 1.86498704e+01 4.36654653e-01 6.15971716e+00 -2.66597227e+01 1.53250653e+01 -8.07970134e+00 -4.68578620e-02 3.57600460e-03
-4.79536708e+00 1.86649687e+01 4.71567974e-01 6.19010180e+00 -2.67140199e+01 1.53105190e+01 -8.08447591e+00 -4.68690237e-02 3.57440553e-03
-4.80076066e+00 1.86748942e+01 5.08992848e-01 6.20950613e+00 -2.67516904e+01 1.52913069e+01 -8.08894346e+00 -4.68790399e-02 3.57349741e-03
-4.80453171e+00 1.86791798e+01 5.47211467e-01 6.21704803e+00 -2.67710168e+01 1.52683218e+01 -8.09289851e+00 -4.68874408e-02 3.57332352e-03
-4.80650530e+00 1.86776209e+01 5.84472928e-01 6.21239088e+00 -2.67711253e+01 1.52426253e+01 -8.09615938e+00 -4.68938238e-02 3.57389187e-03
-4.80659018e+00 1.86702857e+01 6.19068448e-01 6.19575624e+00 -2.67520215e+01 1.52154001e+01 -8.09857601e+00 -4.68978743e-02 3.57517485e-03
-4.80478293e+00 1.86575130e+01 6.49405078e-01 6.16791267e+00 -2.67145876e+01 1.51878986e+01 -8.10003659e+00 -4.68993835e-02 3.57711067e-03
-4.80116796e+00 1.86398969e+01 6.74075602e-01 6.13014155e+00 -2.66605431e+01 1.51613882e+01 -8.10047254e+00 -4.68982615e-02 3.57960662e-03
-4.79591361e+00 1.86182601e+01 6.91922203e-01 6.08418089e+00 -2.65923707e+01 1.51370950e+01 -8.09986179e+00 -4.68945452e-02 3.58254377e-03
-4.78926439e+00 1.85936150e+01 7.02091348e-01 6.03214938e+00 -2.65132078e+01 1.51161492e+01 -8.09823006e+00 -4.68883995e-02 3.58578297e-03
-4.78152975e+00 1.85671167e+01 7.04077186e-01 5.97645300e+00 -2.64267095e+01 1.50995336e+01 -8.09565022e+00 -4.68801107e-02 3.58917168e-03
-4.77306989e+00 1.85400081e+01 6.97750814e-01 5.91967757e+00 -2.63368865e+01 1.50880368e+01 -8.09223948e+00 -4.68700742e-02 3.59255132e-03
-4.76427915e+00 1.85135613e+01 6.83372985e-01 5.86447130e+00 -2.62479233e+01 1.50822144e+01 -8.08815456e+00 -4.68587738e-02 3.59576469e-03
-4.75556780e+00 1.84890170e+01 6.61588446e-01 5.81342213e+00 -2.61639863e+01 1.50823595e+01 -8.08358487e+00 -4.68467569e-02 3.59866320e-03
-4.74734306e+00 1.84675259e+01 6.33400923e-01 5.76893545e+00 -2.60890267e+01 1.50884850e+01 -8.07874397e+00 -4.68346052e-02 3.60111348e-03
-4.73999005e+00 1.84500946e+01 6.00128965e-01 5.73311814e+00 -2.60265917e+01 1.51003196e+01 -8.07385962e+00 -4.68229038e-02 3.60300324e-03
-4.73385369e+00 1.84375379e+01 5.63344192e-01 5.70767508e+00 -2.59796501e+01 1.51173175e+01 -8.06916288e+00 -4.68122110e-02 3.60424608e-03
-4.72922239e+00 1.84304409e+01 5.24794849e-01 5.69382379e+00 -2.59504445e+01 1.51386824e+01 -8.06487679e+00 -4.68030299e-02 3.60478516e-03
-4.72631429e+00 1.84291322e+01 4.86318794e-01 5.69223246e+00 -2.59403779e+01 1.51634053e+01 -8.06120531e+00 -4.67957840e-02 3.60459563e-03
-4.72526675e+00 1.84336687e+01 4.49750990e-01 5.70298490e+00 -2.59499408e+01 1.51903131e+01 -8.05832309e+00 -4.67907990e-02 3.60368570e-03
-4.72612963e+00 1.84438341e+01 4.16831055e-01 5.72557505e+00 -2.59786850e+01 1.52181274e+01 -8.05636679e+00 -4.67882896e-02 3.60209643e-03
-4.72886285e+00 1.84591496e+01 3.89116421e-01 5.75893124e+00 -2.60252450e+01 1.52455273e+01 -8.05542829e+00 -4.67883531e-02 3.59990004e-03
-4.73333814e+00 1.84788968e+01 3.67906198e-01 5.80146917e+00 -2.60874053e+01 1.52712154e+01 -8.05555034e+00 -4.67909683e-02 3.59719695e-03
-4.73934518e+00 1.85021517e+01 3.54179872e-01 5.85117056e+00 -2.61622115e+01 1.52939813e+01 -8.05672480e+00 -4.67960001e-02 3.59411153e-03
-4.74660163e+00 1.85278283e+01 3.48553830e-01 5.90568274e+00 -2.62461173e+01 1.53127598e+01 -8.05889345e+00 -4.68032085e-02 3.59078659e-03
-4.75476660e+00 1.85547292e+01 3.51257246e-01 5.96243401e+00 -2.63351586e+01 1.53266810e+01 -8.06195138e+00 -4.68122599e-02 3.58737703e-03
-4.76345691e+00 1.85816005e+01 3.62127628e-01 6.01875794e+00 -2.64251470e+01 1.53351090e+01 -8.06575250e+00 -4.68227428e-02 3.58404269e-03
-4.77226527e+00 1.86071904e+01 3.80625041e-01 6.07202049e+00 -2.65118698e+01 1.53376693e+01 -8.07011696e+00 -4.68341844e-02 3.58094076e-03
-4.77868047e+00 1.86132546e+01 4.51703823e-01 6.05876482e+00 -2.65186589e+01 1.52991812e+01 -8.08230532e+00 -4.68394943e-02 3.57980733e-03
-4.78268800e+00 1.86232792e+01 4.67480401e-01 6.07923446e+00 -2.65537119e+01 1.52944718e+01 -8.08479903e+00 -4.68455633e-02 3.57867714e-03
-4.78615472e+00 1.86310124e+01 4.85389467e-01 6.09480393e+00 -2.65815410e+01 1.52870120e+01 -8.08724862e+00 -4.68512960e-02 3.57786108e-03
-4.78891888e+00 1.86360923e+01 5.04599461e-01 6.10475301e+00 -2.66008579e+01 1.52771514e+01 -8.08954035e+00 -4.68564262e-02 3.57739772e-03
-4.79085162e+00 1.86382806e+01 5.24220594e-01 6.10862308e+00 -2.66107708e+01 1.52653496e+01 -8.09156797e+00 -4.68607136e-02 3.57730894e-03
-4.79186295e+00 1.86374739e+01 5.43344905e-01 6.10623737e+00 -2.66108242e+01 1.52521548e+01 -8.09323753e+00 -4.68639551e-02 3.57759887e-03
-4.79190585e+00 1.86337087e+01 5.61086957e-01 6.09770837e+00 -2.66010181e+01 1.52381793e+01 -8.09447159e+00 -4.68659949e-02 3.57825367e-03
-4.79097845e+00 1.86271599e+01 5.76623624e-01 6.08343247e+00 -2.65818083e+01 1.52240710e+01 -8.09521277e+00 -4.68667326e-02 3.57924225e-03
-4.78912411e+00 1.86181330e+01 5.89231369e-01 6.06407179e+00 -2.65540848e+01 1.52104847e+01 -8.09542633e+00 -4.68661287e-02 3.58051781e-03
-4.78642935e+00 1.86070498e+01 5.98319536e-01 6.04052429e+00 -2.65191324e+01 1.51980522e+01 -8.09510184e+00 -4.68642072e-02 3.58202012e-03
-4.78301984e+00 1.85944287e+01 6.03458167e-01 6.01388309e+00 -2.64785723e+01 1.51873534e+01 -8.09425371e+00 -4.68610556e-02 3.58367846e-03
-4.77905464e+00 1.85808604e+01 6.04399028e-01 5.98538686e+00 -2.64342890e+01 1.51788894e+01 -8.09292072e+00 -4.68568212e-02 3.58541501e-03
-4.77471875e+00 1.85669805e+01 6.01088689e-01 5.95636322e+00 -2.63883440e+01 1.51730591e+01 -8.09116429e+00 -4.68517039e-02 3.58714855e-03
-4.77021461e+00 1.85534392e+01 5.93672765e-01 5.92816753e+00 -2.63428818e+01 1.51701399e+01 -8.08906584e+00 -4.68459468e-02 3.58879822e-03
-4.76575263e+00 1.85408707e+01 5.82490816e-01 5.90211988e+00 -2.63000297e+01 1.51702735e+01 -8.08672307e+00 -4.68398242e-02 3.59028734e-03
-4.76154142e+00 1.85298636e+01 5.68061800e-01 5.87944299e+00 -2.62617983e+01 1.51734590e+01 -8.08424551e+00 -4.68336276e-02 3.59154683e-03
-4.75777804e+00 1.85209329e+01 5.51060533e-01 5.86120418e+00 -2.62299863e+01 1.51795513e+01 -8.08174937e+00 -4.68276510e-02 3.59251840e-03
-4.75463874e+00 1.85144963e+01 5.32286113e-01 5.84826416e+00 -2.62060942e+01 1.51882675e+01 -8.07935206e+00 -4.68221768e-02 3.59315713e-03
-4.75227071e+00 1.85108541e+01 5.12623782e-01 5.84123533e+00 -2.61912515e+01 1.51991996e+01 -8.07716657e+00 -4.68174618e-02 3.59343349e-03
-4.75078508e+00 1.85101757e+01 4.93002168e-01 5.84045177e+00 -2.61861622e+01 1.52118340e+01 -8.07529601e+00 -4.68137249e-02 3.59333464e-03
-4.75025166e+00 1.85124918e+01 4.74348151e-01 5.84595265e+00 -2.61910696e+01 1.52255755e+01 -8.07382862e+00 -4.68111374e-02 3.59286505e-03
-4.75069563e+00 1.85176929e+01 4.57541777e-01 5.85747994e+00 -2.62057439e+01 1.52397761e+01 -8.07283351e+00 -4.68098155e-02 3.59204628e-03
-4.75209629e+00 1.85255349e+01 4.43373676e-01 5.87449060e+00 -2.62294933e+01 1.52537667e+01 -8.07235732e+00 -4.68098158e-02 3.59091607e-03
-4.75438803e+00 1.85356505e+01 4.32507202e-01 5.89618277e+00 -2.62611974e+01 1.52668886e+01 -8.07242202e+00 -4.68111335e-02 3.58952668e-03
-4.75746342e+00 1.85475665e+01 4.25447273e-01 5.92153442e+00 -2.62993610e+01 1.52785260e+01 -8.07302397e+00 -4.68137036e-02 3.58794253e-03
-4.76117829e+00 1.85607263e+01 4.22517345e-01 5.94935257e+00 -2.63421870e+01 1.52881344e+01 -8.07413417e+00 -4.68174048e-02 3.58623731e-03
-4.76535852e+00 1.85745153e+01 4.23845526e-01 5.97833044e+00 -2.63876620e+01 1.52952666e+01 -8.07569977e+00 -4.68220649e-02 3.58449061e-03
-4.76980829e+00 1.85882898e+01 4.29360229e-01 6.00710971e+00 -2.64336532e+01 1.52995932e+01 -8.07764676e+00 -4.68274690e-02 3.58278421e-03
-4.77431928e+00 1.86014070e+01 4.38795265e-01 6.03434459e+00 -2.64780087e+01 1.53009169e+01 -8.07988354e+00 -4.68333690e-02 3.58119823e-03
-4.77285734e+00 1.85810111e+01 5.09153104e-01 5.98114152e+00 -2.64133954e+01 1.52440949e+01 -8.08589577e+00 -4.68363292e-02 3.58412380e-03
-4.77285734e+00 1.85810111e+01 5.09153104e-01 5.98114152e+00 -2.64133954e+01 1.52440949e+01 -8.08589577e+00 -4.68363292e-02 3.58412380e-03
-4.77285734e+00 1.85810111e+01 5.09153104e-01 5.98114152e+00 -2.64133954e+01 1.52440949e+01 -8.08589577e+00 -4.68363292e-02 3.58412380e-03
-4.77285734e+00 1.85810111e+01 5.09153104e-01 5.98114152e+00 -2.64133954e+01 1.52440949e+01 -8.08589577e+00 -4.68363292e-02 3.58412380e-03
-4.77285734e+00 1.85810111e+01 5.09153104e-01 5.98114152e+00 -2.64133954e+01 1.52440949e+01 -8.08589577e+00 -4.68363292e-02 3.58412380e-03
-4.77285734e+00 1.85810111e+01 5.09153104e-01 5.98114152e+00 -2.64133954e+01 1.52440949e+01 -8.08589577e+00 -4.68363292e-02 3.58412380e-03
-4.77285734e+00 1.85810111e+01 5.09153104e-01 5.98114152e+00 -2.64133954e+01 1.52440949e+01 -8.08589577e+00 -4.68363292e-02 3.58412380e-03
-4.77285734e+00 1.85810111e+01 5.09153104e-01 5.98114152e+00 -2.64133954e+01 1.52440949e+01 -8.08589577e+00 -4.68363292e-02 3.58412380e-03
-4.77285734e+00 1.85810111e+01 5.09153104e-01 5.98114152e+00 -2.64133954e+01 1.52440949e+01 -8.08589577e+00 -4.68363292e-02 3.58412380e-03
-4.77285734e+00 1.85810111e+01 5.09153104e-01 5.98114152e+00 -2.64133954e+01 1.52440949e+01 -8.08589577e+00 -4.68363292e-02 3.58412380e-03
-4.77285734e+00 1.85810111e+01 5.09153104e-01 5.98114152e+00 -2.64133954e+01 1.52440949e+01 -8.08589577e+00 -4.68363292e-02 3.58412380e-03
-4.77285734e+00 1.85810111e+01 5.09153104e-01 5.98114152e+00 -2.64133954e+01 1.52440949e+01 -8.08589577e+00 -4.68363292e-02 3.58412380e-03
-4.77285734e+00 1.85810111e+01 5.09153104e-01 5.98114152e+00 -2.64133954e+01 1.52440949e+01 -8.08589577e+00 -4.68363292e-02 3.58412380e-03
-4.77285734e+00 1.85810111e+01 5.09153104e-01 5.98114152e+00 -2.64133954e+01 1.52440949e+01 -8.08589577e+00 -4.68363292e-02 3.58412380e-03
-4.77285734e+00 1.85810111e+01 5.09153104e-01 5.98114152e+00 -2.64133954e+01 1.52440949e+01 -8.08589577e+00 -4.68363292e-02 3.58412380e-03
-4.77285734e+00 1.85810111e+01 5.09153104e-01 5.98114152e+00 -2.64133954e+01 1.52440949e+01 -8.08589577e+00 -4.68363292e-02 3.58412380e-03
-4.77285734e+00 1.85810111e+01 5.09153104e-01 5.98114152e+00 -2.64133954e+01 1.52440949e+01 -8.08589577e+00 -4.68363292e-02 3.58412380e-03
-4.77285734e+00 1.85810111e+01 5.09153104e-01 5.98114152e+00 -2.64133954e+01 1.52440949e+01 -8.08589577e+00 -4.68363292e-02 3.58412380e-03
-4.77285734e+00 1.85810111e+01 5.09153104e-01 5.98114152e+00 -2.64133954e+01 1.52440949e+01 -8.08589577e+00 -4.68363292e-02 3.58412380e-03
-4.77285734e+00 1.85810111e+01 5.09153104e-01 5.98114152e+00 -2.64133954e+01 1.52440949e+01 -8.08589577e+00 -4.68363292e-02 3.58412380e-03
-4.77285734e+00 1.85810111e+01 5.09153104e-01 5.98114152e+00 -2.64133954e+01 1.52440949e+01 -8.08589577e+00 -4.68363292e-02 3.58412380e-03
-4.77285734e+00 1.85810111e+01 5.09153104e-01 5.98114152e+00 -2.64133954e+01 1.52440949e+01 -8.08589577e+00 -4.68363292e-02 3.58412380e-03
-4.77285734e+00 1.85810111e+01 5.09153104e-01 5.98114152e+00 -2.64133954e+01 1.52440949e+01 -8.08589577e+00 -4.68363292e-02 3.58412380e-03
-4.77285734e+00 1.85810111e+01 5.09153104e-01 5.98114152e+00 -2.64133954e+01 1.52440949e+01 -8.08589577e+00 -4.68363292e-02 3.58412380e-03
-4.77285734e+00 1.85810111e+01 5.09153104e-01 5.98114152e+00 -2.64133954e+01 1.52440949e+01 -8.08589577e+00 -4.68363292e-02 3.58412380e-03
-4.77285734e+00 1.85810111e+01 5.09153104e-01 5.98114152e+00 -2.64133954e+01 1.52440949e+01 -8.08589577e+00 -4.68363292e-02 3.58412380e-03
-4.77285734e+00 1.85810111e+01 5.09153104e-01 5.98114152e+00 -2.64133954e+01 1.52440949e+01 -8.08589577e+00 -4.68363292e-02 3.58412380e-03
-4.77285734e+00 1.85810111e+01 5.09153104e-01 5.98114152e+00 -2.64133954e+01 1.52440949e+01 -8.08589577e+00 -4.68363292e-02 3.58412380e-03
-4.77285734e+00 1.85810111e+01 5.09153104e-01 5.98114152e+00 -2.64133954e+01 1.52440949e+01 -8.08589577e+00 -4.68363292e-02 3.58412380e-03
